  OBSID       RA_rm                DEC_rm                 Z                     LAMBDA_CHISQ         MEM_MATCH_ID
  0652010401   0.7456653268649802   -6.0076327721053895    0.5392811             70.28388000000001    14402         
  0305751001   1.224352597127563    -0.02093684961050863   0.2943499             22.520554999999998   46673         
  0763780701   1.5438819690276662   12.232869321429114     0.4945958             36.26529             73969         
  0600540601   1.6152282964663982   19.995305044703557     0.50555927            26.151239999999998   124208        
  0403760301   2.722693731029551    0.8167851819683991     0.3993315             29.293764000000003   26587         
  0502860101   4.75790525815637     16.026740637273527     0.538851              20.14078             64790         
  0001930101   6.678272244965682    10.625786873602708     0.51367587            36.250029999999995   55188         
  0402750201   7.741936034162848    26.434375151154036     0.5271992             28.88188             161639        
  0402750601   7.813385787031734    26.45274723143835      0.46667936            21.651022            244828        
  0084230201   9.24389357947024     9.220554170857184      0.44624546            25.617314999999998   16263         
  0203690101   9.825010279699113    0.6998107738443324     0.26358044            20.995058            30797         
  0153030101   10.12114181005785    25.515690852489033     0.57335687            28.759840000000004   246814        
  0600450701   10.22936102709764    33.168672342514625     0.51288354            28.668309999999998   102595        
  0600450701   10.248177531006661   33.23120069194479      0.564897              20.995058            116744        
  0723802201   10.395499094899689   -9.339387097692127     0.44558990000000004   32.054916            70750         
  0723802101   10.53651062547776    -9.166629623603752     0.4326528             23.313814            58252         
  0560192001   11.191331281616185   -1.660001166549674     0.44598693            31.582009999999997   34444         
  0560192001   11.335348996080684   -1.6281162467378032    0.41585454            20.949293            89086         
  0743050301   13.40819938974937    12.839063268669094     0.56766784            25.69359             167442        
  0301450401   13.74249995616543    25.500681047049103     0.5621441             43.541909999999994   72732         
  0012440101   13.97454735437458    -1.4717103320760834    0.40984884            56.798485            6172          
  0203220101   13.959587715123464   26.6008015843992       0.3780622             26.959753000000003   29424         
  0012440101   14.155163085057964   -1.1661260408331822    0.47965053            24.137583            138488        
  0742830148   15.712853314408154   0.09283533812569104    0.34265646            22.87142             38945         
  0747390152   16.50577016412609    0.3605155706525592     0.25040984            22.612085            23220         
  0762870601   16.746436129309643   1.2183839952843527     0.35644737            20.38486             40398         
  0305920101   16.904788257347132   14.131249266536825     0.51361537            21.467962            107804        
  0747390134   17.225908108076453   -0.4834400377013795    0.3713877             31.5515              10431         
  0723800301   20.686999768442906   33.13299005037908      0.47726992            20.796743            178234        
  0723800301   20.788860346173294   33.39299679604351      0.28329387            22.078160999999998   33287         
  0723800301   20.91766553536536    33.098186504848925     0.26772812            33.076996            9328          
  0201090401   21.246196560558985   32.16545718238748      0.5312014             21.086588            203510        
  0025541601   21.099409930434998   3.730593255316847      0.3688178             20.659449            72505         
  0201090401   21.349870584479078   32.234290316933304     0.2843776             21.666276999999997   37452         
  0600450301   22.03500824468614    29.205851715793376     0.532633              24.656252            209904        
  0700180201   24.19713289417345    -8.42588640763148      0.42324024            39.484085            42227         
  0693662801   24.35674388137372    -8.638934409660004     0.5619085             44.502975            99828         
  0505400101   25.128540160468845   6.421451228192048      0.47232103            27.676737            85532         
  0747440140   26.85275298318481    -0.12323682915039025   0.32634640000000004   43.892776            10228         
  0747440150   27.510322271257397   0.3405464012274102     0.45773286            25.434256            53156         
  0761730401   27.990525028701587   -8.736511001113431     0.42514956            36.05172             23958         
  0748190101   28.98753893989908    5.5307300714719645     0.49930465            28.225915999999998   39572         
  0203980101   29.163488139419087   32.07950710113259      0.5327451             25.129156            242760        
  0304160301   30.162472004929327   31.31749778513762      0.4500535             20.796743            147682        
  0601740201   30.309702119019175   -7.0289270271176125    0.56316966            27.493677            106444        
  0605000301   30.37904951213277    -2.219153120455393     0.5416328             50.330376            49303         
  0411980201   30.83536513245062    -7.580513529065709     0.5349001999999999    40.979073            42018         
  0677681232   31.516408355281268   -7.414738664599082     0.5102749             20.537409            188200        
  0677690133   31.983413686640798   -6.821629806746521     0.44490343            21.940866            96753         
  0677631601   32.762116803761785   -4.893867661169002     0.1327916             21.071333            10704         
  0677670134   33.141121690085484   -6.202860211778227     0.42393395            33.000725            15904         
  0673110201   33.64999679546216    -3.656524857752257     0.4623488             24.976606            90788         
  0109130301   33.76003432102073    -0.7508955353707758    0.45010352            21.330667000000002   110777        
  0677670131   33.949351111968234   -5.970722529704322     0.41752025            36.127990000000004   26349         
  0404968001   34.057190603922784   -3.640491359732199     0.51431584            20.491644            139578        
  0760540101   34.3997872658575     -3.9457271059166534    0.52699655            41.513000000000005   31129         
  0112371001   34.5134862189464     -4.804559201964495     0.51927185            20.04925             341223        
  0553911301   34.65520141233845    -5.673585870263064     0.2975193             26.730928000000002   10465         
  0404966301   34.774849381106506   -5.569451369653131     0.44735345            22.612085            65760         
  0112370301   35.05905872655375    -4.924306706003351     0.5136367999999999    21.147607999999998   211209        
  0147110201   35.23953381136206    -2.9460575270221674    0.50495344            25.022371            145638        
  0037982601   35.27444603106735    -3.5414460214932983    0.51365983            35.029633000000004   65029         
  0404965401   35.48497083230141    -5.758786801913293     0.26208878            21.117098000000002   20437         
  0785101901   35.519021109570396   -4.550064946885168     0.31039520000000004   24.320642000000003   33512         
  0037980701   35.723606862101235   -3.6041515906560986    0.4364514             23.740953            66811         
  0037980701   35.66743070418926    -3.4137798952703062    0.5511766             24.976606            171281        
  0210490101   35.90809644605208    -4.118967235945623     0.5467273             27.417402000000003   184782        
  0111110401   36.09683455600346    -5.001469493278576     0.40291712            20.461134            125003        
  0780450601   36.09682500670387    -4.721140982012416     0.53483754            25.159666            159156        
  0780450501   36.117949905119346   -4.831172022512663     0.50006837            54.769569999999995   17793         
  0037980301   36.34834975655868    -3.8603374391721403    0.58918196            34.526222            160301        
  0780451201   36.61714129264887    -4.997723957876307     0.37925896            23.985032999999998   34223         
  0404964801   36.75433441647225    -5.663215981457692     0.29327783            25.144410999999998   21551         
  0674810101   37.24557855286884    -8.888207065059476     0.51251125            73.0908              21258         
  0677580139   38.41397675161336    -4.1752788060403665    0.27814183            33.458374            7820          
  0553300401   40.071988768346635   -8.363939623177298     0.52923506            25.44951             313034        
  0151490101   43.180521864921964   -1.244792825336075     0.26653546            24.351152            22914         
  0151490101   43.23808516338389    -1.240458532024431     0.51125324            31.582009999999997   77777         
  0801610101   44.20784514579016    -0.05183658005207136   0.5513411             28.500505            166707        
  0692330401   112.17164172902248   33.83100407491486      0.50097215            55.227219999999996   24726         
  0692330401   112.40497630395129   33.7919697280793       0.51502585            28.408976000000003   140919        
  0503600201   116.81281405556965   30.87640495005441      0.55057573            20.811998000000003   117621        
  0503600201   116.7927708621917    31.127923094941675     0.53018636            28.347956            127765        
  0670040101   118.76405292530501   39.058407746273076     0.34257236            21.071333            36618         
  0763460201   119.98543211082388   15.301180514185418     0.41693136            20.842508            53852         
  0679181401   120.2578356311059    11.150415259834864     0.56501675            21.559492000000002   139356        
  0206100101   121.56562877684028   15.255769969835212     0.44262740000000006   28.3327              64267         
  0404911201   125.411801471784     1.3801647333535307     0.25809896            23.039225            14485         
  0504102001   126.06495279994586   30.118658065127512     0.5155031             21.254393            94547         
  0504102001   126.21284936885523   29.860299378349872     0.5028439             22.84091             108125        
  0103260601   126.6411558916696    26.48714124976412      0.5428048000000001    20.400114000000002   251639        
  0724791331   126.83668523209371   42.21474582117533      0.50531507            21.879847            180326        
  0554540201   127.72574203902798   37.90894534440465      0.5013645             22.886675            177642        
  0502220301   127.80047748684322   52.59588414927166      0.5630129             24.518957            117465        
  0762260101   128.82532978677864   1.9306536094456752     0.40664324            20.964548            69759         
  0650381701   131.4656189860892    29.797794422341546     0.40198845            51.764343            5668          
  0720340301   131.6143603336821    1.4908340036612668     0.4904992             22.41377             166273        
  0720340301   131.7533689825687    1.5325741063516192     0.49953026            25.205431            13621         
  0305480301   133.2286162290897    18.195816960891296     0.26372722            21.376432            32434         
  0305480301   133.2227785423418    18.001844961724068     0.4974785             25.81563             107452        
  0305480301   133.3891772290147    17.823261916679492     0.5216702999999999    22.062905999999998   215120        
  0761500201   133.7678580182531    19.9532985111766       0.48150292            37.13482             39188         
  0085030101   133.82751814884742   58.78817287573465      0.55543125            25.251196            184463        
  0653450501   134.08490062991407   6.076201903771721      0.54861486            30.010748            162525        
  0653450501   134.301848239907     5.899895638738622      0.53549206            27.997090999999998   61878         
  0210280101   134.68302963171774   27.8361739056041       0.57800746            31.82609             116924        
  0653680101   134.95572151156398   57.08999742625731      0.53355426            25.800375            162492        
  0653680101   135.26210563169835   56.99082916295527      0.52988124            28.469995            108574        
  0670880501   136.60804602624756   16.774637588228355     0.4234602             21.773062            18584         
  0670880501   136.5288755188585    16.931967432830564     0.4228018             55.669617            5985          
  0400830301   136.89089742936935   39.598365350373065     0.52736306            21.193373            124465        
  0693662501   137.87943112600047   17.729967154280907     0.4843084             23.283304            34319         
  0673150401   139.0189945438218    29.884301993945503     0.5134825             41.66555             1380          
  0401170101   139.99398977655108   30.530261077303802     0.28613323            26.0292              196           
  0673150201   140.60686508033677   29.86714489613614      0.31296507            23.786718            38145         
  0502920101   140.7040936572574    6.75930412886016       0.42478119999999997   35.731359999999995   47558         
  0553440601   141.14373010442273   30.457127436617643     0.43685743            22.230711            40522         
  0553440601   141.10707351197192   30.51738643521411      0.5385875             20.522154            115293        
  0200730101   141.4788034179344    30.839142502569707     0.5669503             59.84948000000001    24955         
  0604530101   142.0637726580095    29.861153219422768     0.42922878            20.003485            70596         
  0783880501   143.2255234135059    5.593230996655624      0.4528745             32.497307            45665         
  0112520101   143.44103908859344   55.431708451556        0.5087878             22.99346             145586        
  0085640201   144.05395820542998   61.44318736615698      0.38692218            22.093416            89929         
  0306050201   145.24999307914476   3.6224011160556575     0.49234867            59.89524             15414         
  0106460101   145.5493797973771    47.10487140451875      0.54386073            27.798777            229566        
  0724030101   145.69323339176668   9.449658411047439      0.5621012             22.184946            347756        
  0201470101   145.81628138079995   47.910750279781844     0.43863820000000003   34.86183             21216         
  0553560801   146.6579195786523    47.24450560465164      0.48138103            23.588404            36883         
  0206430101   149.00691313938026   -0.28664018407898684   0.47772646            31.566755            31101         
  0206430101   149.1236227808288    -0.2594267164607154    0.5237890000000001    20.750978            18460         
  0203362201   149.44157865750378   2.425928035089689      0.47694117            59.31555             10096         
  0203361801   149.84186603189943   2.2896646345948986     0.39524013            28.973409999999998   52747         
  0203361201   150.11266517674346   2.5561046077174705     0.48617920000000003   21.422197            110316        
  0503600301   150.49205773481      32.784113896838576     0.4001499             26.547869            31079         
  0762920201   150.57893932972766   2.938508792514168      0.5592188             20.491644            333579        
  0112552001   154.44483617894727   21.85219334980689      0.46530694            21.605257            116467        
  0400270101   155.83315167700553   19.67963580679651      0.4503567             30.285337            54965         
  0148560501   157.6284451502612    5.4105091310010565     0.5289908             20.415369000000002   217135        
  0102040301   157.7091227744659    30.897005293655443     0.38028783            29.21749             23141         
  0102040301   157.81423201377683   31.15794317260321      0.3485581             23.740953            25578         
  0653810501   157.82027558420882   40.33437546776069      0.45567214            24.320642000000003   88909         
  0147630101   160.38043309639056   39.7661518054594       0.51725745            26.21226             80606         
  0128531401   161.45346339312437   21.518240440536605     0.509359              35.243202000000004   41150         
  0652810201   162.59707219592548   50.13358718918626      0.43779743            22.032396            51338         
  0146990201   162.960398307365     44.02913975081195      0.4232584             34.98387             31456         
  0146990201   163.09987390332037   44.27962875328142      0.47753376            68.087166            3184          
  0693430401   163.1872236878801    10.691127633942727     0.5200904000000001    20.064505            253257        
  0146990201   163.2775868113223    44.21092548292626      0.48701120000000003   23.756207999999997   80720         
  0674360101   164.94508266145658   8.843412986270176      0.4040784             25.464766            47181         
  0103861801   165.1376589382151    10.908398713454876     0.4211474             35.41101             27989         
  0782330301   165.16584924622978   10.738743791447034     0.40953429999999996   24.213858            63240         
  0301151101   165.4831981817249    45.81640516053626      0.48008364            27.768266999999998   38732         
  0200080233   168.1074658598369    6.039249795792045      0.5300571             24.290132999999997   19840         
  0500760101   168.3921188639792    13.422448342911856     0.46760353            21.056078            81459         
  0764100601   168.63149233786024   25.54719447071044      0.5639576             24.168093            193170        
  0693180201   168.91303547997785   1.5835821444636382     0.34063596            34.541472999999996   20808         
  0109080801   169.04526371390574   44.281205577895825     0.56225985            21.666276999999997   224824        
  0099030101   169.33339919247214   18.12554749461588      0.5594409             20.659449            115156        
  0111290301   169.50043460837242   40.28774340520099      0.46062016            23.695189000000003   106437        
  0693990201   169.82409182561761   6.631986747138655      0.46429247            27.158068            64407         
  0107860201   170.0209853409562    43.495579233950394     0.5732403             21.727297            180906        
  0651780401   170.2592126199817    2.8710804823637366     0.5125069             22.47479             318646        
  0651780401   170.43819867074782   2.8853582137589204     0.48208690000000004   36.57039             48110         
  0083000301   170.7274525251151    5.358112543759705      0.5130163             20.628939000000003   173726        
  0112810101   172.17822357769901   58.6534302094633       0.40689224            21.208628            64461         
  0550960301   173.01020858881833   31.05133831034133      0.49287748            20.796743            232796        
  0200430501   173.05684028468707   52.97113466171532      0.49512708            31.582009999999997   54031         
  0802860201   173.49746005864228   0.8612369393162952     0.54754734            20.827253            179943        
  0601780401   174.13053906987602   21.77627251648032      0.49181703            20.125525            116258        
  0556560101   175.43457362381545   26.889784201348725     0.29111058            28.103876            10732         
  0655380101   175.50217138292666   10.406177264252543     0.28312653            44.808075            10245         
  0005210101   175.72110309435763   20.240597274951085     0.46153950000000005   24.122328            77836         
  0061740101   176.2425959810396    19.885491609076755     0.5220259             21.483217            166169        
  0047540601   176.59217177550119   47.54946376401845      0.51804775            20.644194            218505        
  0044740201   177.54566022842403   1.6416410829578405     0.44239366            20.903528            68944         
  0502690601   178.4954267544851    22.81103516630885      0.48399177            24.351152            140713        
  0827010301   180.0469582329554    3.5384198311904504     0.45565692            21.010313            142176        
  0056020701   180.15469072109767   -3.2550621554411614    0.47923762            31.902365000000003   59552         
  0056020701   180.1503032232634    -3.555786793449262     0.5134626             35.395752            46954         
  0555060501   180.22036408972423   30.02826550790989      0.55453306            23.664679            126937        
  0674660201   180.45964129804142   -3.3115188818879475    0.33685985            27.615717            13932         
  0551630301   180.44289277286052   34.2348075338452       0.5294418000000001    20.293329999999997   144097        
  0782500201   180.84139798042665   44.15081442910338      0.5444184             20.781488            292793        
  0601780801   182.05873149381642   46.984231112435104     0.5299058000000001    20.827253            277190        
  0112830201   182.55213355572812   39.46986027734469      0.5728554             21.925611            227176        
  0203170101   182.80965736663552   50.30627393367743      0.342017              25.785120000000003   14439         
  0502120101   184.70888331065706   5.951473241133951      0.5145858             29.354784000000002   119561        
  0693010401   185.0364331141872    -3.1010088317862823    0.57194453            20.125525            86675         
  0650590401   185.68080939225675   2.5833954716928367     0.3086879             21.940866            38237         
  0142830101   186.46908207845627   33.74595853964941      0.50576097            57.805313            31258         
  0402830101   186.75730260043304   31.333351749980373     0.5695520000000001    22.38326             289019        
  0414980101   187.1903069327131    10.675674594193758     0.47033128            29.12596             34608         
  0306630201   187.7151405451534    10.977477108056702     0.3479777             30.636202            16825         
  0551870301   188.27014493156696   12.60802949721281      0.5265624             22.398516            110719        
  0403100101   188.74852402922286   26.57159271944437      0.5209590000000001    20.857763000000002   297341        
  0722660201   188.88381041954585   28.880441398924713     0.54194325            20.400114000000002   296582        
  0111550401   188.96096459345586   62.12278156156625      0.46180370000000004   27.325871999999997   102606        
  0403100101   189.0054003196046    26.64217682413421      0.21282214            20.903528            35709         
  0780291001   189.0736871557781    13.389825606785012     0.5277347             20.995058            168132        
  0403100101   189.0799929667991    26.48144124703759      0.5380568             25.617314999999998   361705        
  0149900301   190.39601075039096   18.401424027818766     0.42347735            26.913988            67524         
  0202180201   190.3360305071764    33.274353132755124     0.5164372             23.771463            398136        
  0302581501   191.0080477734267    16.83940683913422      0.55963725            110.297676           3950          
  0306680201   191.3130035008897    67.47643049493907      0.5130008             27.310616999999997   145064        
  0503610101   192.50046985262006   5.376107293954469      0.35341406            20.552664            35265         
  0143150201   192.73125274049957   26.42121449627353      0.40905398            25.220685999999997   54899         
  0082990101   193.22161266848823   15.870715062848447     0.37977055            20.659449            37714         
  0300530501   194.96035609170244   27.828704426840268     0.52861726            29.080194            120437        
  0204040101   195.10498674994082   28.4458271278409       0.3975087             25.983435            45060         
  0136000101   195.88453666693843   67.4453275566715       0.42456499999999997   24.747782            38982         
  0017940101   196.25862495139037   18.144908989854333     0.5579531             28.36321             113137        
  0201750201   197.28963907073143   -1.5827525222736285    0.5509951999999999    22.38326             264012        
  0020540401   197.59264284444092   32.364829048307364     0.43935844            26.639398999999997   37702         
  0301340501   197.61812267324242   57.37044822799278      0.539579              42.48932             39358         
  0653530101   198.77181588825118   51.817445557395324     0.28025222            152.5387             16            
  0206180201   201.49512250747932   65.8148512618946       0.45197397            52.923719999999996   13775         
  0200730201   201.63423263295527   7.746108241781948      0.5446578000000001    21.467962            181419        
  0405690201   202.45392188549118   58.58128747261307      0.45633113            30.041258000000003   72301         
  0112240301   202.63026812844987   -1.6901803986817483    0.41946277            22.001886            124755        
  0112240301   202.94746905950782   -1.8316092093756904    0.30426243            20.583174            30870         
  0109661001   203.74011378153745   37.841506677131704     0.37719515            25.63257             39064         
  0655380401   204.33670656873082   9.06036654408798       0.45413026            22.87142             65206         
  0202460101   206.0584824156821    -0.042639719585725266  0.47269085            29.781923            105917        
  0111282601   206.3262877427807    0.4782192179287884     0.47410232            23.756207999999997   72610         
  0205190201   207.5686262754664    26.971229296874608     0.48231450000000003   20.583174            167202        
  0205390301   208.3060201221056    63.77911800988506      0.5351001999999999    20.750978            130300        
  0143650801   208.51062409727825   33.85164974927136      0.17265737            20.339094            12653         
  0112250101   208.64426730605626   -2.285313865830014     0.5351774             24.381662            151134        
  0551830201   210.1456039833486    2.92443918654769       0.5543289             23.588404            173132        
  0551830201   210.32511727029382   2.710380672666872      0.5188282             25.90716             152578        
  0674740101   211.55423361281947   25.10667773215643      0.19532652            21.239138            22430         
  0674740101   211.47563038579648   25.06713768411385      0.41564350000000005   27.661482            48843         
  0503960101   211.62592463214568   52.80918063915308      0.51439315            31.154871000000004   72334         
  0092850101   212.56086300690282   26.321745769101106     0.5044138             22.642595            169307        
  0765081001   212.80771952763126   53.5142554872532       0.56165045            31.200636            83532         
  0145480101   213.53022041588258   -0.2827808679095365    0.5337446             24.351152            124159        
  0722140401   213.9132747780091    23.277939236555127     0.5349662             23.023970000000002   124569        
  0720111601   214.55591314741667   25.338431815502204     0.461733              24.091818            82821         
  0109960101   214.6018410831706    25.146753185498362     0.5553188             23.359579999999998   139991        
  0112230201   216.2974770751325    37.91357892598909      0.56433946            23.17652             208540        
  0111260701   217.81356909106012   41.970852953537886     0.44120420000000005   32.268485999999996   11150         
  0111260701   217.75689561152024   42.02496568148076      0.4408566             22.62734             12855         
  0601970101   217.90291189419273   13.36256338615494      0.41912356            25.083391            57046         
  0790181901   218.68516651951958   49.068225886061384     0.35408774            29.248               19669         
  0790181901   218.8678483498282    49.10754105725856      0.48308307            33.229546            40466         
  0110930401   218.88932090675254   48.710146644486564     0.38703525            25.556295000000002   55078         
  0405200101   219.4597042813627    34.27546692277082      0.55468535            24.168093            140524        
  0405200101   219.76393790106857   34.3085196283889       0.401631              29.903963            7145          
  0795711401   219.9108661294113    12.054122627781465     0.43366513            37.04329             26000         
  0300210701   220.2330454769896    3.436064297815358      0.5386554             29.141214            111304        
  0300210701   220.29433444085763   3.3263670305038398     0.5293736             28.79035             156375        
  0651100301   220.2480885027309    53.323091327538684     0.44698760000000004   23.451109            85080         
  0504480301   220.52467676358188   -0.6596740751734135    0.53489125            24.900331            217660        
  0651890301   221.0684601870421    1.9179002784824184     0.44531637            28.36321             69827         
  0651890301   221.1958723808164    1.9603829634442205     0.4234059             34.099083            16189         
  0651890301   221.31805079744183   2.0010517678395416     0.5631440999999999    28.866625            201889        
  0150350101   223.46466566343196   3.3923317429162907     0.35928598            24.457937            26636         
  0145020101   223.7367405848913    18.815240482158814     0.436015              42.74865             16396         
  0783520501   224.01703621411664   21.426463671309737     0.48045879999999996   20.308584            139378        
  0670300101   224.060399938808     24.727932656227765     0.5037318000000001    45.586075            44007         
  0401270301   224.64346448899656   49.64666985857275      0.4952388             26.0292              120449        
  0300320101   228.24705603479183   0.2278670230341811     0.22290704            20.247564            7843          
  0741300101   229.00791814164106   55.42703382724614      0.36922140000000003   32.970215            19466         
  0744930401   229.259819369765     6.799637734788267      0.53103286            28.180151000000002   91019         
  0693661101   229.56353708416577   29.285977182769265     0.55173427            37.882317            46938         
  0018741001   229.66908370188355   6.2383648710903294     0.103277326           55.684868            568           
  0693661101   229.80308880275413   29.55321772709691      0.5151918             22.291729999999998   181766        
  0723801501   230.5740853495985    7.621769082308585      0.5226581             25.525785            152598        
  0550360101   230.71608739549083   8.695833644276554      0.31972268            26.166494            21378         
  0783881201   231.7661567253632    54.10694288553398      0.4748549             23.20703             102337        
  0740620301   235.03740573692954   17.10072920887513      0.5512439             20.949293            196788        
  0060370901   235.93190076896406   53.95492221972125      0.5256783             21.345922            103516        
  0060370901   236.08459109375656   53.91975858790575      0.49188173            34.007553            44949         
  0655380901   236.5058549499761    2.5650414089546807     0.53576005            50.147316            41882         
  0655380901   236.59702795159671   2.3952501468881944     0.44189880000000004   23.939268            117257        
  0790380901   239.0053400270721    11.347962595077009     0.52233374            20.07976             326846        
  0693661301   239.1021348914031    44.76933919136621      0.47049004            41.6808              27718         
  0694440501   239.81763313198243   27.193502742647176     0.503754              44.121596999999994   63711         
  0744290201   240.0056669840196    34.942406842024376     0.4951788             24.290132999999997   83501         
  0743350501   242.91845149673858   51.26981132601224      0.34987290000000004   26.898733            8823          
  0103460801   244.222189850356     12.247732040498676     0.43220612            20.232310000000002   128915        
  0784521701   246.3856175684744    39.1779810773526       0.50897205            26.349553999999998   87721         
  0784521101   246.50989943198934   39.36637156865386      0.37153244            20.07976             54445         
  0784521101   246.65947210384635   39.63016365499474      0.49392763            20.888273            140841        
  0505011201   246.78818900202      34.91215392975904      0.5555948             33.382095            93205         
  0723801201   247.15978793228302   39.39096304064545      0.51576024            22.047651000000002   116210        
  0723801201   247.23530274215344   39.529668903500976     0.39301324            40.475662            11397         
  0033540901   248.2143271232269    37.64976629950851      0.56996554            20.247564            194631        
  0556210301   248.48531190462367   33.377074733333416     0.41612938            43.969048            11795         
  0723260201   250.20602226604646   43.64761132068576      0.48848772            24.198603            282728        
  0605000501   250.28680819962742   46.76787016274995      0.48831220000000003   22.99346             80950         
  0603500701   250.8609490037218    39.512081448622716     0.35636222            23.23754             54257         
  0652570201   253.31129686038472   39.786805889250424     0.5273164             23.405344            195841        
  0673510601   254.5340369208759    35.526116037229954     0.50373995            20.01874             132394        
  0672910101   255.664769741942     33.69443604198769      0.56613123            28.058111            22258         
  0693180901   260.68503011641184   32.297936368916524     0.4883452999999999    20.781488            41088         
  0404190101   327.56439527030136   -5.880236790501278     0.5305631             20.247564            201906        
  0744390301   327.596247507672     -7.5918696529842045    0.53901434            26.944498            148131        
  0603590101   327.6565819842102    -5.684316036696651     0.4183768             24.595232            130025        
  0111270101   328.53155899254295   17.55824364001845      0.24608916            20.811998000000003   9275          
  0654440101   329.1830869849132    -7.739761958157902     0.47404589999999996   21.071333            195443        
  0404450101   330.92996058382033   18.933935557491935     0.34751457            22.8104              37729         
  0693010601   332.9158103289806    -3.7136017097031315    0.49576908            20.903528            93096         
  0401920101   335.8109623440462    -1.6601866177431568    0.28937566            29.766668            7113          
  0762470101   336.5299511335131    17.320787247977474     0.35432866            20.567919            53666         
  0206400101   340.47301247070715   29.69379384041688      0.40828592            30.681966999999997   38093         
  0206400101   340.77134212862615   29.808599274418174     0.4443268             24.046053            41476         
  0670130801   340.7909466041131    29.662242574218375     0.54490215            24.274878            73042         
  0503490201   340.93467568229977   -9.435329220119053     0.43235013            22.230711            126870        
  0762871101   344.13975116162993   5.4311206619249175     0.16949223            22.673105            164           
  0743900401   346.7108460746544    -5.051456804794976     0.5565150999999999    25.312216            173494        
  0161560141   347.5405149882856    -6.708513971699258     0.36808655            38.065376            8473          
  0604060101   347.61442553563865   21.435705893984228     0.5682590999999999    32.009147999999996   211983        
  0502500101   348.00531005166533   18.67643814431989      0.4440076             22.154435999999997   31541         
  0502500101   348.0316291560469    18.76152682889216      0.39166617            24.976606            58930         
  0501110101   348.7684433130986    -2.340527023643932     0.51995647            29.812433000000002   78976         
  0745320101   349.19417309738145   1.8117517338850824     0.5269583999999999    20.522154            248678        
  0762260301   350.76188143101706   -1.0453513362367866    0.36408368            21.284903            61324         
  0204180101   350.87965639978813   16.712846998147178     0.44882440000000007   20.796743            52768         
  0553870101   351.3079227859443    28.529805625196254     0.5469841             21.986631            493629        
  0302820101   352.12661794885736   5.432251966235999      0.5554576999999999    57.073074            34839         
  0502430301   352.19984623786314   15.023088472182165     0.5779168             29.446314            183736        
  0502430301   352.36207609141366   15.090184304643907     0.51297903            25.434256            187983        
  0673002341   352.59832325570954   -0.4275916067986517    0.5119646             24.427426999999998   148998        
  0303560901   353.04258152813844   28.761907811521354     0.50195867            27.951326            108061        
  0147580301   352.9949559147961    19.599402386166343     0.36438605            20.01874             55415         
  0790800101   354.75821022855575   -5.441957832161092     0.46395373            40.246834            33746         
  0790800101   354.9023807375305    -5.736436451496545     0.47038054            34.541472999999996   26008         
  0693010801   355.3698651503677    -8.997679116092359     0.5599064             20.14078             471117        
  0152860101   356.92239742516716   -2.419208725731605     0.43021217            20.827253            144744        
  0152860101   356.81321002178686   -2.1654253729546062    0.4857518             20.38486             178445        
  0655380201   357.3481740020626    2.2161070679349346     0.41757116            39.484085            21682         
  0203390801   357.9361999872503    20.778858171838472     0.47219083            32.863426000000004   63047         
  0111530101   219.66137907558232   64.39091867375922      0.14111462            31.414206            3633          
  0066950201   174.79166967930217   17.061727036514807     0.29298607            42.13845             3893          
  0650384901   353.56451363015054   7.597035060787313      0.37266624            53.289840000000005   5151          
  0677600137   37.99879424672428    -5.736739411387163     0.34813845            33.290565            12193         
  0556213801   229.74224055334443   54.0129116163027       0.29413965            30.758242            18363         
  0650382801   231.63966279177743   16.654895258583032     0.47587472            36.84498             29501         
  0149880101   227.4107629240037    33.48715755400205      0.39619590000000005   20.156034            29721         
  0153220301   186.36264311218457   20.79447441777064      0.3527004             23.740953            32150         
  0044740201   177.6196343204374    1.9101651907538055     0.45537594            32.573586            36184         
  0201900101   0.9001656109351188   2.245819126245261      0.41438153            30.132788            36804         
  0747410138   21.7993047928112     -0.10314843113529264   0.40841463            29.18698             40440         
  0200730301   20.27139128077482    3.8039889249662284     0.33171597            24.854567000000003   43877         
  0203450101   134.6056889773521    13.953555275882778     0.498795              32.131187            45193         
  0605391501   118.07153897220141   20.587226313934387     0.39436164            20.888273            50382         
  0111970701   174.61320601299266   3.3436329625652323     0.39163208            23.725698            55373         
  0783272801   347.83948095322785   10.129193291784034     0.51727617            33.351585            64209         
  0694580101   334.96431755732164   12.022837399489406     0.5043488             26.608889            95002         
  0312190101   14.954689594265005   31.79261135553337      0.48392546            25.007116            95340         
  0106061101   187.72720862000043   16.021084890020248     0.55925167            35.76187             100455        
  0203980101   29.23007951696837    32.16254141753459      0.45501032            22.017141            113769        
  0744220301   178.37875395417197   46.25761738224916      0.5323102             27.066538            124284        
  0065140201   10.638792557292037   -9.746699971945404     0.44918776            23.359579999999998   124305        
  0556212101   159.60193865131663   58.89347482177765      0.44381517            26.18175             124994        
  0143650701   233.04817867560516   24.005144844952284     0.5530793             20.644194            146297        
  0691010901   246.1569646309156    39.32032979105225      0.5471050000000001    25.861395            146632        
  0677182201   336.49422892672436   -6.495323979682662     0.56704706            31.139615999999997   170937        
  0693540601   28.171936758068398   12.81253253896374      0.55107796            25.159666            194801        
  0312191001   135.6361470952169    60.00969172491912      0.48064655            22.017141            272082        
  0303820301   138.9440282123023    29.617254142957396     0.5428095000000001    20.278074            286486        
  0305480301   133.30137363115398   18.16628417341013      0.50881106            26.700418            342937        
  0693430401   163.18654419228915   10.589737059636263     0.5518223000000001    21.544237            359940        
  0650382401   194.50873965819352   47.04839321440205      0.35498303            68.712616            1238          
  0605391501   118.00826163336231   20.741579710231886     0.37327638            84.62356             1378          
  0747440139   27.211745623137123   -0.1121952641709063    0.3712199             63.236084            3723          
  0305750501   158.34555129004102   0.6262847067333189     0.44942766            52.96948199999999    13004         
  0670350501   246.87433346810013   42.89608404769018      0.23511745            24.457937            15521         
  0670020201   335.3380242156163    -0.7751409041022729    0.37496132            27.493677            28290         
  0152530101   122.76840260710355   28.235178651943432     0.3947593             21.178117999999998   106108        
  0301450401   13.83705181809222    25.297134244999672     0.53095454            25.251196            179126        
  0747400139   19.185708714896226   -0.053590910722703305  0.43445835            26.486849            48148         
  0724790934   121.08060050977971   42.89312333922293      0.5108437             22.368006            178937        
  0724791333   127.59092647250755   42.04114216429736      0.51772213            31.093851            71084         
  0600460233   138.34713485621964   18.449100786043235     0.48602876            33.809235            56266         
  0400270101   155.82904059126938   20.045160013262254     0.5845246999999999    24.534212            255782        
  0200080233   168.1442347208747    6.038746353657652      0.49784115            22.718870000000003   16966         
  0200080732   168.32834394138422   6.25494505901259       0.46199802            37.180588            28544         
  0200080733   168.49093635011488   6.1812079981170776     0.52092403            29.629374            145803        
  0795730101   173.1187888069354    53.205821196010476     0.43165773            45.143684            37885         
  0827011101   187.6803245126088    10.578599776044475     0.17473249            97.77334599999999    117           
  0672160431   260.4902578518021    38.146614956882416     0.5184996000000001    23.603659            151818        
  0207090101   345.78393659847404   9.047665086246727      0.517572              23.466364000000002   127629        
  0827020301   183.0770101051668    27.548647731379965     0.34052584            158.24406000000002   56            
  0827020901   170.99501800005066   21.480468465308213     0.1950162             113.59275            74            
  0827020201   179.81188821537526   49.7967863621318       0.34552494            133.62253            83            
  0827010601   231.03093336204387   29.888959182098876     0.11798506            96.76652             92            
  0827020101   330.2190235630608    20.969254034035316     0.15408935            91.25947             118           
  0827031401   215.417001656056     37.29129936065824      0.16651294            82.51836999999999    180           
  0784450101   135.75925236627722   52.22560603753146      0.20803237            73.76201999999999    635           
  0802750101   152.57224726545869   32.831843051393946     0.29855186            76.67571             693           
  0827021101   259.27820234946165   42.421473486098186     0.17998983            56.462875            1136          
  0501010101   129.40555266723393   15.083309160077398     0.27234572            63.373375            1508          
  0651790101   186.6672642023588    9.411925851169519      0.3971565             86.22533             2190          
  0827020201   180.10771649661527   49.795854362557726     0.32442644            44.579246999999995   2714          
  0802750501   240.43566841158918   27.30263752905726      0.17469849999999998   34.251633            3065          
  0802750101   152.3325649444131    32.92626622372658      0.50335044            86.499916            3463          
  0747390143   16.628438169936473   0.1372188316453605     0.26503098            46.989532000000004   4421          
  0802750201   141.50700407935705   24.074426531598636     0.22598341            35.79238             4537          
  0804271501   212.8355560996749    52.202814085815724     0.46027836            72.22126             4982          
  0804272501   212.944154946029     54.217889806211176     0.35742070000000004   48.40825             5321          
  0404967001   34.15078430314041    -4.451546364058701     0.43191797            59.98676999999999    5542          
  0111270101   328.2139736872747    17.733144172879893     0.22767924            24.717272            5568          
  0693010101   347.8831164807171    3.5082831315614693     0.35762793            30.529417            6047          
  0742510701   143.21319973935664   29.054990743754296     0.29901165            33.305824            6576          
  0827020101   330.27936668447256   21.02267955651152      0.39089683            48.05738             9919          
  0674660201   180.43744934866461   -3.5300992402969813    0.5275486             75.08919499999999    11885         
  0784350101   132.32210564261652   2.2555265240905147     0.37463987            45.997963            12170         
  0804270801   212.02662277061245   52.612998471763284     0.54430634            66.80575             12204         
  0803240301   167.13691334702446   25.77688077667514      0.19719103            27.890306            12258         
  0202770301   29.45878114586833    28.783818264985808     0.4020296             41.650290000000005   12376         
  0827020301   183.24639050422482   27.451267298517777     0.18017215            23.130754            12502         
  0747390144   16.86172789525665    0.14713123133492967    0.26245114            29.400548999999998   12831         
  0747440134   27.15246610965451    -0.3999453607039786    0.36172882            25.952925            13380         
  0677630134   32.12074640101328    -4.942331153382729     0.30441907            28.48525             13616         
  0673000132   334.7963537181194    0.7446047844115837     0.34893528            27.707247            13727         
  0200650101   188.97642644354252   13.190358044717081     0.37892947            39.545105            14435         
  0110990201   186.72489252953247   1.3444405051852628     0.36674014            34.358414            14498         
  0655800501   181.9290177301395    42.94021379906695      0.47012135            49.201508000000004   15045         
  0803951801   145.35384728454727   4.3284800004683195     0.35064486            26.669909000000004   15171         
  0802750301   180.1950403465769    47.97450671739646      0.2758975             22.99346             16340         
  0722530101   182.28308370406444   49.87517334419877      0.30523765            25.63257             17350         
  0803952801   191.69319450458846   11.222868034254224     0.37748206            34.907593            17427         
  0148742601   216.22468513484446   42.21208463696543      0.4037643             22.017141            17677         
  0083240201   137.6852328593788    5.98914689985086       0.47838852            44.518227            17739         
  0106061301   187.86662479103472   17.84812625109895      0.47705847            53.884780000000006   17843         
  0401270401   122.94988956976759   50.05815886973422      0.26980698            22.62734             18443         
  0655346842   333.60311206711106   -0.9100761934945101    0.26586705            24.351152            18692         
  0204651101   204.41693284733958   38.96786044385134      0.25182167            22.551064999999998   18839         
  0763300101   213.85943851414916   35.26957287971157      0.40006440000000004   35.42626             19217         
  0148742101   123.51520596486144   51.80656214711996      0.35518384            27.630971999999996   19770         
  0650380601   8.705586693990142    2.7223476146221577     0.38480294            35.45677             19981         
  0551720101   16.668378005975455   32.534802492192476     0.48881105            46.287804            20002         
  0650382001   173.54690073775902   50.201710762682076     0.33512938            24.396917000000002   20039         
  0803950901   180.01577204506378   31.58235359414989      0.34321928            23.832483            20422         
  0801790601   193.0890228890369    5.383539371435993      0.40396529999999997   34.999123            20524         
  0655380601   38.36847945288649    0.3038714536213525     0.393421              34.114334            20669         
  0804270301   212.9465001593037    53.86768771564697      0.29935974            20.14078             20758         
  0803950501   232.99268138183788   36.9675666100524       0.42709354            40.002753999999996   20957         
  0804271401   213.29680881626183   52.846935116451995     0.41920704            31.231146000000003   21159         
  0202870201   160.0751914460428    9.028492030994608      0.37426534            25.7241              21754         
  0083240201   137.7358343587515    5.962422438143552      0.54656875            28.653055            22096         
  0725290152   136.05037196567466   -0.5643427104210136    0.49185616            35.82289             22131         
  0201900101   0.7967157259575401   2.1632783745288746     0.3996159             29.705647999999997   22263         
  0693661701   177.58734807471043   22.39118433606401      0.26516032            21.254393            22605         
  0742830145   15.19476318309572    0.12169934447492632    0.42741019999999996   30.468396999999996   22650         
  0763940701   210.49159280789726   41.1948974683788       0.25630835            26.27328             22847         
  0551720101   17.008959480398516   32.365840605100004     0.3922084             32.100677000000005   22902         
  0720340301   131.7217829865534    1.6610575733458388     0.5549158000000001    69.810974            22923         
  0037981201   35.903418432960294   -3.038146565002325     0.44435024            38.873886            23069         
  0212480701   217.62262800132441   42.053352760094256     0.41388175            38.019608000000005   23128         
  0650382401   194.5046413051279    47.023934610003366     0.5555185             31.61252             23314         
  0401920101   335.95339332471843   -1.42734476518402      0.31229115            26.959753000000003   23338         
  0650380401   8.564333323359051    -7.98331908831312      0.43666540000000004   34.312653000000005   23480         
  0673000136   333.67133536745985   0.442155396217646      0.33833688            24.702017            23701         
  0306050701   158.5988049162574    60.088732065454785     0.23442878            24.000288            24793         
  0721900101   125.67664369309436   3.9514699703837226     0.31544545            25.251196            24867         
  0782420301   329.6379834595769    17.997818348299987     0.34669083            20.583174            25911         
  0722610301   233.88473622494863   23.60168691012651      0.3714004             27.417402000000003   25919         
  0081340801   183.46651406307438   2.6447833429816807     0.38709992            27.844541999999997   26522         
  0803950901   179.85184701492622   31.617733782679228     0.3143225             23.039225            26916         
  0804272501   213.07521560800888   54.06929130085707      0.35098374            20.537409            27784         
  0655570701   237.66031834612332   24.398595600640107     0.472954              20.064505            28360         
  0673002331   353.15129276563965   -0.07396296727639405   0.5045954             44.213127            28506         
  0801790601   193.24108461168598   5.417102374716762      0.36056540000000004   23.832483            28856         
  0204630301   218.91366286130315   0.2351444395860572     0.42075622            29.400548999999998   28979         
  0150620101   140.28296365546572   30.235075647395558     0.31485227            23.649424            29138         
  0112551101   192.0794372647842    8.370506437349098      0.35233262            24.122328            29166         
  0203170301   188.2919617308281    0.1831243190644537     0.39289227            28.805605            29221         
  0741031301   170.2369481468283    53.969724609328864     0.37652022            24.595232            29572         
  0504101301   170.84894840265991   47.08320834948845      0.47752380000000005   36.189009999999996   30194         
  0303110101   29.439702228504764   -0.9424978701692712    0.5161773000000001    40.063774            31012         
  0783270201   7.457699495502937    13.381661726362307     0.5402245             59.635909999999996   31335         
  0112190401   233.76679855657815   1.1806762045143029     0.3402106             23.17652             31699         
  0747440136   27.47952822901973    -0.4167224202073914    0.39163858            25.083391            31972         
  0091140401    233.0007304958139    4.830730799857873      0.3711359             30.498907            32256         
  0093640401    200.03504158137642   33.98542497592444      0.32168734            22.337495999999998   32275         
  0742830151   14.935951479015536   0.486654463387395      0.3957943             20.705214            32602         
  0673150401   138.98330335693166   30.04680754539093      0.50060755            40.796013            33209         
  0504101301   170.93604825315356   47.14147085319761      0.50325453            29.522589            33243         
  0670880401   343.3834924409806    11.666567387414133     0.5496194999999999    62.946236            33261         
  0305920401   218.52952793475015   3.5488929828696274     0.39974824            37.31788             33453         
  0803951001   338.52867413077206   -0.11038777608418307   0.39124286            23.679934            33543         
  0747190631   31.274518242113782   -6.1313897091324545    0.40013704            27.890306            33833         
  0556210401   142.2758376230036    50.9158095033543       0.41643846            28.36321             33971         
  0784060801   152.71465317179909   6.0757394759848085     0.31095698            22.917185            34453         
  0300910101   217.96753554274449   28.19293792545186      0.36260054            22.56632             34718         
  0111100301   117.83363855104244   18.27145210593881      0.34338647            20.827253            35272         
  0780291001   188.84213861588486   13.496517888420474     0.3493386             21.391687            35492         
  0795730101   172.8782327206446    53.05035033645583      0.40794006            30.148042999999998   35639         
  0653290201   0.9717835544110756   -1.9987100517783327    0.4369953             30.010748            35833         
  0037980801    36.04943656344932    -3.60090999109891      0.5598605             44.655525            36202         
  0747420137   24.020114272415697   -0.4628061254047306    0.42612538            29.720903000000003   36665         
  0303561101   134.85304660345778   17.023595259918267     0.41357848            26.258024            37287         
  0301900501   197.65887915444225   31.95481228043351      0.40251678            30.865026            37597         
  0103860301   340.21721874866404   8.127770414862097      0.3927002             25.647825            37754         
  0150600101   320.770850479206     -5.672466250894222     0.27032682            22.215456            38471         
  0066950201    174.9200111500687    17.04696982855405      0.582825              56.584915            38542         
  0502480701   215.2592956975745    3.375017155907856      0.44473615            33.290565            38798         
  0653810501   158.06239490714003   40.410615362786174     0.3653241             24.457937            38935         
  0200430201   331.82411642968134   10.200973779117199     0.48282263            33.900764            39204         
  0140960101   211.84541195068996   28.274274893770805     0.340258              25.96818             39839         
  0693750401   359.18737625215874   3.4477560121724777     0.47110692            33.443115            40250         
  0655343842   35.24350044689789    -8.677548007917618     0.5081242             31.30742             40293         
  0112551401   178.17030655283142   37.15871855629923      0.4018866             30.956556            40545         
  0106460101   145.51343316557845   46.93433933659856      0.3967668             29.568354            41005         
  0673150201   140.70258357981209   30.09597888887428      0.40933225            28.088621000000003   41310         
  0747420144   22.880008913125092   0.03160166827187878    0.3857261             21.590002            41635         
  0827020101   330.3151634141005    20.983923912272648     0.5271718000000001    22.306986            41986         
  0035940201    184.01633859655342   36.50784548065203      0.32934209999999997   20.934038            42295         
  0401040101   226.19072812102857   -2.695869120081854     0.5582271             54.159369999999996   42518         
  0763911301   333.08909050154307   0.2516659739708579     0.50463784            41.284172            42728         
  0147110101   35.354676429302195   -2.836268600945127     0.52516735            46.608162            43624         
  0700180201   24.168628666494268   -8.497608140460349     0.43412176            21.315413            43704         
  0305751001   1.2447065811486675   0.09053596168306496    0.49278770000000005   27.905561            43981         
  0673150101   140.35291370816043   29.769642284056534     0.3903969             23.32907             44024         
  0693661101   229.637603897014     29.53104409286211      0.593801              22.123926            44154         
  0501540201   217.4697926558663    -0.03898149034342248   0.42625162            23.512129            44248         
  0652401001   351.9194285084249    -0.018265551965143102  0.45562857            29.263253999999996   44423         
  0602200301   176.28338889989647   19.432841195571395     0.40593728            23.832483            44486         
  0677180101   334.5318625011899    -4.0070394340428575    0.372448              24.000288            44593         
  0151400201   181.82402165986943   25.256230231160675     0.37884855            21.239138            44962         
  0212480701   217.3933504364028    42.16871394910379      0.46779186            38.797615            45423         
  0677610137   31.502418736909018   -3.985209844508824     0.5755654             41.39096             45542         
  0012440101    14.1574955608571     -1.437877674859528     0.41358128            26.883478000000004   46077         
  0765001101   24.2033417058523     -9.266836960216088     0.43651086            29.202234000000004   46088         
  0650384101   327.23277633609894   9.769007659039806      0.55717087            52.420303000000004   46730         
  0502500101   348.0516664846877    18.610713731777626     0.44356564            45.891174            47108         
  0804271501   212.6434361908081    52.28844135859007      0.4571303             29.934472999999997   47200         
  0112551401   178.0190556107469    37.01010568415428      0.36740762            22.154435999999997   47416         
  0747430134   25.073773302997843   -0.3940447386502328    0.36031409999999997   21.605257            47651         
  0035940201    183.9482433800286    36.12308626738343      0.53098315            23.390089            47940         
  0502780601   224.36231339809663   -1.0271506633173606    0.55791485            42.291000000000004   48035         
  0742830151   14.851484773632855   0.4184549797702622     0.39996937            22.38326             48063         
  0781590201   120.28623579569746   35.899459613959365     0.48983243            32.222716999999996   49265         
  0780790301   201.91469268481944   43.86895769823961      0.38799140000000004   21.040823            49334         
  0784450501   16.17421405749053    25.300153913328238     0.5163622999999999    35.65509             49356         
  0205390301   208.3131517163834    63.64132202812942      0.5093521             22.825654999999998   49459         
  0504100601   189.8030650263207    9.425892636779064      0.42816877            28.210659999999997   49920         
  0603500701   250.4821055097673    39.632124018161676     0.53763974            35.304221999999996   50614         
  0151270201   117.54672676069269   50.2371591690826       0.4152774             23.222284            51293         
  0301651701   183.2488509196224    29.152463948858642     0.54378635            47.00479             51643         
  0304071801   252.10498045441867   26.96738288242355      0.54722446            25.32747             51817         
  0304071301   142.9075965272635    28.50983456177604      0.5097951000000001    43.08426             52064         
  0652010401   0.9292798175754909   -6.2059003774941015    0.5139429             27.844541999999997   52092         
  0501540201   217.48867668448392   -0.2718052721118308    0.3873446             21.559492000000002   53597         
  0504101501   206.6401198653194    64.19435924673868      0.54342586            37.897568            53832         
  0303561601   170.18837680350873   -0.3199682488529846    0.47543803            32.649857            54188         
  0724790933   120.99612449841186   42.83359428604046      0.52260995            39.590874            55137         
  0200430201   331.85522000666475   10.067537785429591     0.44944936            29.415803999999998   55271         
  0403190901   130.3026241858166    54.927333527425155     0.5038495             38.873886            55412         
  0804270501   213.69983342260085   52.481556249330254     0.52213484            37.485687            55619         
  0201010101   233.07897181349992   32.563270498668295     0.47644576            29.934472999999997   56766         
  0149880101   227.40897042036877   33.55507939852681      0.5209782000000001    20.934038            56897         
  0720252401   148.40215610341264   1.8648637779848567     0.39181513            22.734125            56924         
  0205390301   208.35887386532062   63.555376793076775     0.5454821999999999    36.509370000000004   56937         
  0677600141   38.82684052225385    -5.705558039020736     0.541882              35.48728             57400         
  0742830142   14.337505496238524   0.14065117042187894    0.50144017            26.441084000000004   57542         
  0150620101   140.39871347930966   30.29013475924397      0.570409              50.360886            57880         
  0650380401   8.560645247110955    -7.709111382427912     0.427382              35.609320000000004   60040         
  0108670201   224.23957124322075   22.207100602932712     0.48409456            31.841345            61693         
  0747420138   23.812181803569608   -0.1867613101766288    0.38587615            20.339094            61979         
  0200430201   331.8983974399343    10.15863828404876      0.44174474            23.390089            62406         
  0804270601   212.9937122428376    52.07058948174327      0.45265335            27.508932            63139         
  0304570101   195.1933707748801    59.14522587798789      0.4162804             22.337495999999998   63274         
  0677640137   31.182100790474657   -5.151957475027824     0.4124233             22.123926            63350         
  0651280101   349.1634890810559    4.077678912600429      0.305843              21.925611            63550         
  0785102301   36.23479179721518    -5.408353087463634     0.47354952            30.041258000000003   63919         
  0721740101   230.55365421317504   30.637123083997587     0.5178654             29.629374            64014         
  0411980501   200.74004245028664   48.56928143510623      0.39410385            23.420599            64468         
  0762290201   34.753137184505505   -0.5912233307047325    0.45239604            24.503702            64742         
  0152530101   122.72995578712242   28.0506887021152       0.4220710999999999    25.556295000000002   65109         
  0693661301   239.34309224324187   44.74682262449042      0.59091836            47.233612            65536         
  0058940701    193.75511992266726   27.039672988237648     0.44916147            20.949293            66047         
  0148740101   134.30583296870114   9.019253524963755      0.53943545            26.21226             66219         
  0112850101   148.85470363784634   17.594181087738995     0.46955246            29.629374            67029         
  0677600136   37.794746907277045   -5.5540334784014265    0.37685215            22.53581             67245         
  0790860101   147.2979175801438    0.5585124348580635     0.57969993            45.113174            67446         
  0728970201   117.00871931201624   50.147821875225155     0.38273709999999994   22.38326             68116         
  0741031501   192.98222143603024   54.61472225677268      0.47788805            21.361176999999998   68212         
  0556210201   1.3516447727826488   -8.921245063935578     0.43395713            29.797178000000002   68328         
  0795711401   219.9227611293626    11.946089658797787     0.43804434            21.605257            68332         
  0674360101   165.01443539447456   8.73373058209623       0.37901893            20.918782999999998   68535         
  0804271501   213.0786832233032    52.38855394786679      0.5121337             23.344324            69128         
  0110940101   204.51675973397846   27.93877700849305      0.54480696            30.041258000000003   69313         
  0671640801   188.81445119469737   21.461977320639104     0.45767984            25.48002             70051         
  0693010301   4.7197239260302695   3.5653553043738726     0.4966075             28.866625            70740         
  0744411801   10.123137554044805   -9.5070095584066       0.43757787            34.724533            70868         
  0724441001   337.92617041916014   -8.072245120931626     0.47247443            27.890306            71133         
  0690470201   125.90195847347252   22.56435548088395      0.5795616             32.588837            71645         
  0201470101   145.61250064435504   48.054130456292135     0.50346273            27.097047999999997   71747         
  0405860101   352.0497760869385    -2.116956886374205     0.44331825            27.356382            72414         
  0067340601    241.93975738973472   8.081490425767202      0.45333025            32.329506            73445         
  0673180201   140.16601774028152   1.0895503462839191     0.5319218000000001    40.002753999999996   73626         
  0504101501   206.59758605244824   64.38306114966929      0.5116890000000001    25.464766            73801         
  0677681232   31.45965811195897    -7.338835772083023     0.41164818            29.766668            73958         
  0677610132   33.05785748203485    -4.094326998356266     0.48423448            31.963385            74170         
  0060370901    235.78339806621815   53.857831750576324     0.45767194            32.024406            74803         
  0783670101   341.58308308605615   -5.632588198898118     0.5055784999999999    35.334732            75040         
  0765081001   212.91201433440048   53.5335537270445       0.42834958            24.015543            75920         
  0803950201   153.78999633593787   43.19120134295939      0.37361279999999997   22.032396            75945         
  0085030101    134.22058752512802   58.81259151123396      0.43855006            25.87665             75977         
  0763910501   35.398449418382455   -5.732462569835858     0.5013889             31.627775            76028         
  0200080233   168.26839055199318   6.381613129389009      0.38183957            22.169691            76470         
  0106060501   187.84709179769283   13.91709263826294      0.4920071             36.66192             76763         
  0693661401   259.27431254065795   23.917822396818547     0.48661962            24.885077            76915         
  0803950501   232.7638164939537    36.902102936788104     0.41779825            21.864592000000002   76938         
  0655340138   132.39814425756504   -1.923222241483418     0.49133858            31.444715000000002   77738         
  0802750101   152.5017219637576    32.922354029350394     0.5667807             34.465202000000005   78120         
  0048740101    31.782493627123298   2.7936071186729423     0.44364032            26.639398999999997   78719         
  0300890101   11.414196721731004   4.350500546737462      0.56173766            39.331534999999995   78860         
  0677640136   31.577300641787662   -5.214360328984454     0.51032484            29.019175            80098         
  0601780801   182.25651586114103   47.01514977360402      0.50194144            21.818827            80416         
  0504101401   177.10350978916168   52.44967962319375      0.44675645            23.801973            80800         
  0200020101   189.74067535230216   17.86367444733987      0.51485795            30.575182            80855         
  0203390801   357.71238830826684   20.582287740892202     0.48395273            34.480453000000004   81370         
  0111282601   206.33198678132268   0.3926152816270229     0.45223767            24.152838            81379         
  0404240101   208.75442893270963   5.163826171412401      0.52314794            31.932875            81971         
  0677610132   33.09928301787323    -4.019942756667296     0.44510242            24.595232            82317         
  0502790201   36.78718373966436    -8.964843069002436     0.4098826             21.757807            82455         
  0602200201   175.79026175476295   19.531478941230787     0.47584390000000004   22.734125            82838         
  0655571401   241.53372506451905   27.454283990045237     0.46237513            31.64303             83206         
  0411980401   42.139903155438994   -4.119509085957781     0.48107344            24.488447            83488         
  0652010401   0.6544022720800058   -6.243442832118857     0.44601709999999994   23.161264000000003   85839         
  0803951801   145.69101264498389   4.4192570747723865     0.42640442            21.544237            86793         
  0085030101    133.81943043590368   58.58768680779474      0.45156130000000005   20.293329999999997   87471         
  0677690139   30.796146781582465   -6.829374185155856     0.44629106            30.529417            88195         
  0402250201   225.37625559364525   42.49845412456017      0.43303886            21.010313            88321         
  0677610133   32.829830769624856   -4.233076724481056     0.42986897            23.634169            88478         
  0205090101   185.97452432785101   7.324354611920488      0.44220665            20.995058            88579         
  0606431201   42.47073109418901    -8.417901665772574     0.4766794             28.988665            89162         
  0083000101    113.55253551904221   43.70806475807239      0.39296696            20.567919            89715         
  0747440139   27.522654757284442   -0.18010736914219544   0.47910723            28.088621000000003   90384         
  0677650139   31.00027989527865    -5.4719933528515545    0.47177708            21.986631            91018         
  0760230301   229.05508977201725   4.306517900460728      0.50284755            28.134386            91055         
  0782530201   185.27116302666192   33.730802644065086     0.5309446             22.53581             91141         
  0025740201    201.35664975956      30.306710602926145     0.47471526            27.798777            91185         
  0554500401   119.74177568143317   23.36728986250665      0.5600779             25.96818             91385         
  0301900401   181.834094401202     28.04167904170508      0.52999127            20.04925             92055         
  0201150101   325.67165063907163   6.773906450987539      0.48743024            23.32907             92404         
  0721130101   354.8386161649932    -5.584454484852871     0.542305              40.033264            92580         
  0673150401   138.76163463619002   29.78716664615772      0.5258015             29.431059            93234         
  0025541601    21.196432248384497   3.5848926427758236     0.47930762            26.105473999999997   93992         
  0110940101   204.81894861350682   28.193813615312862     0.48428026            22.123926            94524         
  0673002332   353.22828461477934   -0.2794284496012616    0.46827236            21.590002            94774         
  0677681231   31.037084023859574   -7.368454946612671     0.49463904            23.069735            94939         
  0206400101   340.4564489868       29.795712025344468     0.47729892            23.512129            95568         
  0743900401   346.4946993113414    -4.985532004098218     0.5315159             33.473625            95743         
  0804270601   212.7937523275606    51.830188840059044     0.44973448            25.922415            95816         
  0201150101   325.5900177847988    6.8266320159460845     0.49237663            22.53581             96110         
  0106060301   187.82083936485637   13.2401625505499       0.47833842            25.769865            96269         
  0404968601   33.61918722240054    -3.4217642384509945    0.53163147            26.563124            97850         
  0110070401   118.7321695604779    21.885923403737987     0.43173462            21.269648            99227         
  0674740101   211.71795112347462   25.34235670839078      0.53474593            31.048085999999998   99413         
  0502060301   217.7285430901506    -0.7778619573597024    0.517262              28.805605            100239        
  0747390147   17.53794869583116    0.2759951544401438     0.48433727            24.137583            101645        
  0505880201   157.96149575394898   50.50819898354529      0.46484079999999994   24.702017            102499        
  0067540201    11.98902774095228    31.983619497627554     0.4440281             27.432657            102952        
  0765090801   212.38035563970647   53.837184194476535     0.55191755            20.705214            104787        
  0152530101   122.67753077218464   27.96745740215348      0.42956275            22.87142             104880        
  0783230101   251.17236760643908   26.453355906716908     0.50003               34.541472999999996   105092        
  0655380201   357.05852219266734   2.361636623760059      0.49128804            25.525785            105472        
  0111160101   203.37811703115128   50.38293339325522      0.47439572            22.47479             105993        
  0725310138   136.90919466046134   -0.06132052400039064   0.5206695             27.432657            106373        
  0033540901    248.13170383581158   37.733429065996454     0.45285365            23.832483            107019        
  0785102201   36.01449680149469    -5.2967528682165       0.5047372999999999    24.595232            107693        
  0025740201    201.3242249808061    30.373593397229424     0.5074820999999999    22.68836             108039        
  0802750101   152.60813776422575   32.9098358585842       0.515953              20.781488            109554        
  0202870201   160.2125220004312    9.068138737707127      0.53569263            30.529417            109788        
  0602340401   166.9872399849374    52.53387684257879      0.5032816             24.564722            112058        
  0553790701   120.64935733806631   39.2736658702811       0.50074685            25.357979999999998   113215        
  0504480301   220.68136786534717   -0.5394884551985474    0.46598190000000006   22.32224             114804        
  0070340501    187.0283854321995    33.48325104812344      0.5070408             30.285337            114809        
  0677590140   38.80156520768178    -5.152907625678734     0.51026106            26.502104            115192        
  0673000133   334.6056409432372    0.6213703696316567     0.42149237            20.415369000000002   115286        
  0404967601   33.678171336118034   -4.083435944298407     0.44794798            22.62734             115944        
  0803951401   191.5719484523073    26.488021747382497     0.526184              22.764635000000002   116617        
  0801891101   166.77410114399478   -1.0133900157539633    0.5022015999999999    22.108670999999998   116702        
  0763911301   333.1332691525785    0.0634407796475077     0.52539307            32.863426000000004   117788        
  0211080701   204.89125695737914   -0.4105531089001493    0.43799207            21.056078            118733        
  0761590401   250.05265822790005   46.89759815688353      0.50211763            20.613684            118932        
  0677610134   32.59773995292273    -4.06280578978476      0.58809316            33.870255            119423        
  0693460401   343.8199943743288    -7.750355274167572     0.49665794            27.036028            119521        
  0406740101   119.4799001479144    39.19694448851289      0.43548504            21.300158            119680        
  0146990101   155.63340030211197   12.98417716447581      0.50901556            24.930841            120559        
  0009650101     343.82381531191214   -2.9689697841824865    0.5015022             25.60206             120866        
  0803950101   177.3134835588941    23.159816056943978     0.51025563            23.008715            120905        
  0201860101   214.0648282766116    10.834213020762991     0.5334161000000001    26.685163            121505        
  0304570101   195.15132583518047   58.8915680910656       0.54747206            20.293329999999997   121571        
  0677630136   31.550685353096696   -5.054157814746646     0.5457327             21.681532            121648        
  0200431101   27.59195630392016    -7.5265385365782675    0.42604357            26.074965            121728        
  0553911801   34.872050539807184   -3.4246820109156486    0.53287923            25.083391            122894        
  0111290201   149.3316085452857    41.12425424878534      0.5862801999999999    24.030798            123988        
  0303110201   159.8111501476594    64.48013937046065      0.5129259             26.547869            125009        
  0081340801    183.6338888539984    2.8166218438259825     0.5150935000000001    26.258024            126216        
  0070340201    151.9707442274437    53.660683656367006     0.5300312             29.370039000000002   126261        
  0553790701   120.58587190870891   39.42138390768786      0.47438335            25.647825            126334        
  0148742401   181.48179691032138   35.36502391458222      0.50920683            28.27168             128073        
  0744220401   235.40001298975938   30.998388862375368     0.5651118             25.84614             128484        
  0747420137   23.70295766334249    -0.3875503883598017    0.5613514000000001    33.565155            128532        
  0728980201   151.96635994347062   12.752344841360769     0.48657694            23.359579999999998   129039        
  0784521101   246.6909389870647    39.301537574783886     0.49814412            20.842508            129193        
  0763050301   115.12921686791124   20.555563658952888     0.5035488             32.634605            130513        
  0041170201    150.0767841165552    25.177155554992066     0.47592959999999995   20.491644            131885        
  0742740401   26.535301361386644   19.146667564359003     0.5109902             28.820859999999996   132100        
  0302580701   326.5339926113392    4.547014165001288      0.46702242            23.100245            132259        
  0693662501   137.58438818327272   17.758629355038575     0.48343262            25.357979999999998   133927        
  0067540201    12.434613665804136   31.93591010004514      0.47723266            22.551064999999998   136045        
  0762920201   150.33546609736956   2.988126089667588      0.47303483            20.842508            136049        
  0602200201   175.90657173087018   19.612207022995264     0.55691916            28.3327              136200        
  0802200401   40.66170409675374    5.050502909842453      0.5614473000000001    25.54104             136368        
  0504100601   189.72628634545654   9.381182398328695      0.5072992000000001    21.208628            136739        
  0744411901   10.683709335548258   -9.101342370574306     0.4248241             22.825654999999998   137123        
  0021740201    197.58243140448695   27.452892608519715     0.5531783             21.971376            137814        
  0652810201   162.12167953952832   50.06560270222553      0.5778477             26.303790000000003   137826        
  0111291101   184.80162294596897   6.511721524820155      0.49141318            21.284903            137946        
  0403190901   130.47831702735056   54.86280566529243      0.5639496999999999    26.608889            138312        
  0404968601   33.5087336420186     -3.3650427773486298    0.50366247            24.457937            138781        
  0793183601   239.91361502221875   26.11240884547952      0.5724281999999999    35.79238             139551        
  0655346835   331.7328899710075    1.7602747474640421     0.5026661             27.661482            140416        
  0744413301   184.3479190727239    3.4522036198600734     0.47931623            22.886675            140647        
  0407030101   5.711714988301222    0.1363499943431171     0.5468363             22.398516            141041        
  0747440136   27.57198997285359    -0.3047376418128729    0.5660696             24.152838            141642        
  0206180201   201.18382844116783   65.93752502354809      0.49435568            20.095015            145358        
  0560192001   11.387630540193243   -1.7225644277962089    0.5486888000000001    22.26122             145759        
  0161560131   347.3677904490528    -6.954052822544068     0.5205616             26.929243            146928        
  0200431101   27.581263911296407   -7.4219342309609       0.54141736            31.261656            147083        
  0406541301   165.66511701906512   -1.2263827450121336    0.511709              21.544237            149511        
  0094530401    121.33272200880108   24.70201052946733      0.52277124            35.83815             150064        
  0763460201   119.59730092183571   15.291591246134008     0.44071826            20.217054            152149        
  0553560801   146.96227790130786   47.43321516195865      0.49754372            23.832483            153433        
  0147670301   130.29353419236566   13.048667042762848     0.52954775            23.985032999999998   154837        
  0304070201   156.95258039625867   24.15615640395393      0.5154742             21.315413            155247        
  0747190833   32.17678028475998    -6.811208022356441     0.5360129             22.337495999999998   155379        
  0109080301   200.9850010780977    65.5652361842309       0.4996224             24.168093            155519        
  0556210201   1.4864758799605795   -8.68272706246394      0.54117167            26.654653999999997   155548        
  0204400301   219.2899197222316    63.36970157220812      0.5326069             26.349553999999998   156966        
  0124712401   195.50178504213454   28.1266941045314       0.5174031             22.398516            157941        
  0503600201   116.75576420806952   31.17915663844329      0.5669873000000001    25.38849             158110        
  0302580701   326.5187702571729    4.183038993323917      0.5445770000000001    27.417402000000003   159883        
  0602340701   183.060728085106     67.05926580358026      0.5307788             22.093416            160395        
  0141570101   188.917454548222     12.720892851142045     0.48296094            22.764635000000002   161400        
  0112850101   148.76750007999954   17.553206087099163     0.48808354            20.339094            161558        
  0067340601    241.87398400052518   7.989588841403313      0.5497333000000001    24.564722            161988        
  0106060301   187.66549503982128   13.255521770191422     0.50105286            22.56632             162392        
  0042341301    354.61504558594413   0.3501322776649463     0.5225012             30.941301            163757        
  0601780401   174.1802308450336    21.68772291819696      0.53598994            28.988665            163978        
  0106060901   187.86734815779369   15.436781400496994     0.56751984            32.131187            164630        
  0103660101   213.26141672344883   43.88012524214814      0.43986446            20.644194            164812        
  0694580101   334.67565712412426   12.019271641649365     0.5472387             21.040823            165721        
  0747190631   31.096191826232857   -6.250096401033511     0.5223454000000001    22.62734             166433        
  0553790701   120.39548851251806   39.29131031480657      0.5157944             24.503702            166650        
  0108860101   185.64253076177857   10.662319240732538     0.56750935            25.922415            168699        
  0747390137   17.836479418829025   -0.39196054934583335   0.5441627             20.659449            173407        
  0112370601   34.16824776883       -5.001733742929137     0.49661416            20.308584            175473        
  0761950201   254.00024150243618   38.51862415762986      0.5198795999999999    22.5053              175883        
  0655800501   181.80904220616551   43.19559013935274      0.54086584            22.368006            176017        
  0653680601   243.2680302778214    52.60784371067031      0.56981707            27.020773            176968        
  0143150601   138.37931322262142   53.151069331620924     0.52217615            24.396917000000002   178772        
  0404968501   33.85290133634072    -3.5656646370520093    0.52988225            22.26122             179885        
  0414980101   187.26867482903683   10.49690145267092      0.4978059             21.681532            181973        
  0080540101    21.269823674533942   33.19770677980099      0.52760917            24.763037            183623        
  0556212901   161.1411401260936    59.52216101424861      0.54324794            21.971376            184182        
  0502690601   178.41020176714417   23.18213909835444      0.4833522             20.827253            185130        
  0204791101   150.0542242770926    5.171341899380533      0.50313425            22.612085            186319        
  0504620301   157.585127792505     38.04157691481103      0.5395329000000001    23.359579999999998   187858        
  0763460301   247.4295835911623    38.3134884514937       0.50129384            27.173323            188206        
  0827010801   173.0488243006641    14.524021070801375     0.5454241999999999    21.620511999999998   189013        
  0047540601    176.28978748287673   47.468841328617756     0.53472614            23.420599            189362        
  0553910701   35.370600753064615   -5.836836954583004     0.5808844             25.205431            191635        
  0741600101   17.59378642490816    27.99357920895273      0.5198674             23.649424            191657        
  0300140101   217.5699091348697    42.64351724875021      0.5839231             28.607290000000003   196751        
  0502060201   129.99282487335267   38.70325704077024      0.52765334            22.596829999999997   196885        
  0674810101   37.2077736371734     -9.178094549515622     0.5368104             26.27328             198295        
  0306370601   152.97634544309682   46.48614282970786      0.5362511             23.969778            199198        
  0503350201   153.04213336539772   29.700916982609982     0.56210524            25.281706            199385        
  0673002331   353.33669281665505   -0.1556984941129251    0.476463              20.674704000000002   199413        
  0655343853   34.15764718537759    -9.590708091357564     0.5429604             29.919218            199426        
  0124712101   194.34163752758653   28.326801392943214     0.55103844            21.895101999999998   201864        
  0153030101   10.45807162438848    25.40336229537898      0.5107429             26.288534000000002   202389        
  0693010601   332.826627657224     -3.9900313367062283    0.43300492            20.888273            202473        
  0111290201   149.25683038632167   41.45562022587579      0.44812313            20.766233            202590        
  0033540901    247.79752354671712   37.68041787635428      0.5516107             21.467962            203531        
  0302160401   190.16152181172242   -2.1202522250967792    0.48551872            22.26122             203563        
  0111281701   205.77503801652546   -0.4601133486910681    0.5633889             26.288534000000002   205743        
  0721900101   125.64980720442736   3.804417000781165      0.56723243            25.678335            208675        
  0403160301   25.039886323985694   -9.218617665963801     0.47460636            22.215456            210426        
  0802860201   173.25480824050788   0.7203063472550836     0.5465576999999999    21.330667000000002   212404        
  0560192001   11.499913501077655   -1.5903887946505395    0.5257757             22.078160999999998   216567        
  0556211401   162.46786490227794   59.33448404109744      0.5849958000000001    21.025568            217745        
  0724441001   338.1402233143493    -7.959993319429978     0.5362665             25.083391            218370        
  0500760101   168.10496195890352   13.525560282915874     0.5573861             24.991861            219855        
  0744100601   347.4264464486241    7.558451195389846      0.527965              24.915585999999998   220360        
  0553911401   33.791640418349125   -4.53013718770336      0.512314              20.689958999999998   223108        
  0143650101   233.0002056611136    24.35091865471353      0.5810665             24.854567000000003   223724        
  0673850601   234.93941288252628   34.585419544982024     0.5270691             24.198603            225279        
  0402830101   186.7956587396204    31.20524720585656      0.5211799             23.710442999999998   226275        
  0677610134   32.50376082551106    -4.141716125323959     0.5610944999999999    27.753012            226841        
  0304160201   17.802737641246722   33.241251783417525     0.515994              22.062905999999998   229235        
  0148560501   157.67452566509866   5.570338120117634      0.5172838             22.215456            230655        
  0106060301   187.74311855043285   13.22670764277118      0.5553405             20.476389            234036        
  0094800201    175.06509791409147   66.028724307366        0.50035506            23.527384            234489        
  0402750601   7.520254681592632    26.35123032554776      0.58029276            26.547869            236227        
  0673002333   353.20097469692024   -0.5132655963558372    0.46881855            20.125525            236392        
  0112552001   154.36377388384776   21.800916447280827     0.5198214             21.879847            238424        
  0655381501   356.95404166944166   15.741678342912314     0.5437164000000001    24.000288            239482        
  0301651001   356.02839362278917   9.939953407989467      0.56657004            24.946096            246489        
  0302581801   133.78992447753592   37.964483523356265     0.53581786            20.125525            247486        
  0745320101   349.0998024074189    1.6466559806507823     0.5565948000000001    21.162863            247563        
  0693430401   163.29537228620492   10.473204570653037     0.5716446999999999    20.598429            250260        
  0302581801   134.2606848305346    37.979839187360895     0.56371087            21.879847            254110        
  0747430146   25.421590349382612   0.16569541910257207    0.5500067             22.703615            257835        
  0804370301   225.13436601475476   2.067380467339604      0.5209879             21.559492000000002   261240        
  0677690138   30.90959990053041    -7.214521665535731     0.52694255            21.544237            270095        
  0763910301   31.023904890341807   -9.469787431147749     0.5334228             20.857763000000002   278206        
  0741032901   239.4310766356773    33.017749150769184     0.5524965000000001    22.230711            282331        
  0301450401   13.886943262549494   25.43176293637515      0.57442033            22.596829999999997   285494        
  0745320101   348.79485779639367   1.6803781388807657     0.55690557            22.5053              287160        
  0650381701   131.30970700301194   29.76771807677305      0.53545403            21.345922            289164        
  0700180201   24.22669335886188    -8.593228002618165     0.52003044            21.284903            290689        
  0693662501   137.6835275945454    17.876806925675574     0.5231983             20.07976             295787        
  0550540101   187.3292514078494    13.801137976883707     0.5110166             20.01874             300113        
  0106060901   187.87013979454983   15.523691724066296     0.5400749             20.217054            302269        
  0312191101   136.07289009843498   55.6809647178435       0.56738895            20.873018            315601        
  0721130101   354.9478415640148    -5.590614549053946     0.50126386            20.766233            330179        
  0762870501   214.00228177127983   -0.4423867967249776    0.5758444             22.38326             334452        
  0106060201   187.6233125681353    13.171919961203015     0.55416274            20.186544            335161        
  0827020101   330.24898983919684   20.824340843927747     0.5203793             30.788752000000002   372918        
  0742500101   157.53928915301532   23.125557050255843     0.5440216             20.979803            377658        
  0762500901   214.46008824814686   51.7636715794682       0.55606985            25.739355            398752        
  0693661001   215.19747759586997   40.042809392831224     0.57945496            21.910357            429203        
  0744930301   10.237555492315664   -9.263241554495336     0.52798617            26.24277             446432        
  0670900501   252.6878751577658    27.145797360588087     0.4928795999999999    23.557894            452876        
  0103260601   126.5877431399605    26.63769552211765      0.55332494            21.422197            594878        
