  obsid       rmid     lambda               Lx           Z                     MEM_MATCH_ID   Xreg_HiBk   Xreg_Support   Xreg_OutOTime
  401170101   196      26.0292              2.48386E42   0.28613323            196            0.0         0.0            0.0            
  650382401   1238     68.712616            1.78546E44   0.35498303            1238           0.0         0.0            0.0            
  605391501   1378     84.62356             3.97226E43   0.37327638            1378           0.0         0.0            0.0            
  673150401   1380     41.66555             4.19547E42   0.5134825             1380           0.0         0.0            0.0            
  146990201   3184     68.087166            2.90413E43   0.47753376            3184           0.0         0.0            0.0            
  66950201    3893     42.13845             5.29052E42   0.29298607            3893           0.0         0.0            0.0            
  302581501   3950     110.297676           4.92693E42   0.55963725            3950           0.0         0.0            0.0            
  650384901   5151     53.289840000000005   3.62335E43   0.37266624            5151           0.0         0.0            0.0            
  650381701   5668     51.764343            6.72635E42   0.40198845            5668           0.0         0.0            0.0            
  670880501   5985     55.669617            7.70983E42   0.4228018             5985           0.0         0.0            0.0            
  12440101    6172     56.798485            2.72795E43   0.40984884            6172           0.0         0.0            0.0            
  405200101   7145     29.903963            6.21188E42   0.401631              7145           0.0         0.0            0.0            
  161560141   8473     38.065376            1.49288E43   0.36808655            8473           0.0         0.0            0.0            
  743350501   8823     26.898733            4.69608E42   0.34987290000000004   8823           0.0         0.0            0.0            
  111270101   9275     20.811998000000003   1.25374E41   0.24608916            9275           0.0         0.0            0.0            
  723800301   9328     33.076996            2.59573E42   0.26772812            9328           0.0         0.0            0.0            
  203362201   10096    59.31555             2.44004E43   0.47694117            10096          0.0         0.0            0.0            
  747440140   10228    43.892776            1.61978E42   0.32634640000000004   10228          0.0         0.0            0.0            
  655380101   10245    44.808075            7.43733E42   0.28312653            10245          0.0         0.0            0.0            
  747390134   10431    31.5515              2.99922E43   0.3713877             10431          0.0         0.0            0.0            
  553911301   10465    26.730928000000002   1.119E43     0.2975193             10465          0.0         0.0            0.0            
  556560101   10732    28.103876            4.70932E42   0.29111058            10732          0.0         0.0            0.0            
  111260701   11150    32.268485999999996   1.90819E43   0.44120420000000005   11150          0.0         0.0            0.0            
  556210301   11795    43.969048            2.40087E43   0.41612938            11795          0.0         0.0            0.0            
  677600137   12193    33.290565            3.00768E43   0.34813845            12193          0.0         0.0            0.0            
  143650801   12653    20.339094            2.90417E42   0.17265737            12653          0.0         0.0            0.0            
  111260701   12855    22.62734             9.46009E42   0.4408566             12855          0.0         0.0            0.0            
  305750501   13004    52.96948199999999    1.92304E43   0.44942766            13004          0.0         0.0            0.0            
  206180201   13775    52.923719999999996   2.34682E42   0.45197397            13775          0.0         0.0            0.0            
  674660201   13932    27.615717            9.7157E42    0.33685985            13932          0.0         0.0            0.0            
  652010401   14402    70.28388000000001    2.25838E43   0.5392811             14402          0.0         0.0            0.0            
  203170101   14439    25.785120000000003   5.09163E42   0.342017              14439          0.0         0.0            0.0            
  404911201   14485    23.039225            8.63722E42   0.25809896            14485          0.0         0.0            0.0            
  306050201   15414    59.89524             4.62437E42   0.49234867            15414          0.0         0.0            0.0            
  677670134   15904    33.000725            3.77308E42   0.42393395            15904          0.0         0.0            0.0            
  651890301   16189    34.099083            2.08692E42   0.4234059             16189          0.0         0.0            0.0            
  84230201    16263    25.617314999999998   1.91171E45   0.44624546            16263          0.0         0.0            0.0            
  145020101   16396    42.74865             1.02495E43   0.436015              16396          0.0         0.0            0.0            
  780450501   17793    54.769569999999995   1.50263E43   0.50006837            17793          0.0         0.0            0.0            
  206430101   18460    20.750978            5.79573E42   0.5237890000000001    18460          0.0         0.0            0.0            
  741300101   19466    32.970215            1.84869E42   0.36922140000000003   19466          0.0         0.0            0.0            
  790181901   19669    29.248               4.04756E42   0.35408774            19669          0.0         0.0            0.0            
  404965401   20437    21.117098000000002   1.41902E43   0.26208878            20437          0.0         0.0            0.0            
  693180201   20808    34.541472999999996   4.07748E42   0.34063596            20808          0.0         0.0            0.0            
  201470101   21216    34.86183             1.91642E43   0.43863820000000003   21216          0.0         0.0            0.0            
  674810101   21258    73.0908              4.15676E43   0.51251125            21258          0.0         0.0            0.0            
  550360101   21378    26.166494            1.54726E43   0.31972268            21378          0.0         0.0            0.0            
  404964801   21551    25.144410999999998   1.34003E43   0.29327783            21551          0.0         0.0            0.0            
  655380201   21682    39.484085            1.04962E43   0.41757116            21682          0.0         0.0            0.0            
  672910101   22258    28.058111            1.40062E43   0.56613123            22258          0.0         0.0            0.0            
  674740101   22430    21.239138            3.10055E42   0.19532652            22430          0.0         0.0            0.0            
  102040301   23141    29.21749             3.82099E42   0.38028783            23141          0.0         0.0            0.0            
  747390152   23220    22.612085            3.8851E43    0.25040984            23220          0.0         0.0            0.0            
  761730401   23958    36.05172             1.27213E42   0.42514956            23958          0.0         0.0            0.0            
  692330401   24726    55.227219999999996   1.28266E43   0.50097215            24726          0.0         0.0            0.0            
  200730101   24955    59.84948000000001    1.77066E43   0.5669503             24955          0.0         0.0            0.0            
  102040301   25578    23.740953            4.09038E42   0.3485581             25578          0.0         0.0            0.0            
  795711401   26000    37.04329             4.47657E43   0.43366513            26000          0.0         0.0            0.0            
  677670131   26349    36.127990000000004   9.35214E42   0.41752025            26349          0.0         0.0            0.0            
  403760301   26587    29.293764000000003   2.95219E42   0.3993315             26587          0.0         0.0            0.0            
  693661301   27718    41.6808              6.91102E42   0.47049004            27718          0.0         0.0            0.0            
  203220101   29424    26.959753000000003   4.57917E42   0.3780622             29424          0.0         0.0            0.0            
  149880101   29721    20.156034            8.9022E42    0.39619590000000005   29721          0.0         0.0            0.0            
  112240301   30870    20.583174            8.15441E42   0.30426243            30870          0.0         0.0            0.0            
  503600301   31079    26.547869            2.1918E43    0.4001499             31079          0.0         0.0            0.0            
  206430101   31101    31.566755            7.28947E42   0.47772646            31101          0.0         0.0            0.0            
  760540101   31129    41.513000000000005   3.45547E42   0.52699655            31129          0.0         0.0            0.0            
  142830101   31258    57.805313            4.31347E42   0.50576097            31258          0.0         0.0            0.0            
  146990201   31456    34.98387             2.41079E43   0.4232584             31456          0.0         0.0            0.0            
  502500101   31541    22.154435999999997   3.57341E42   0.4440076             31541          0.0         0.0            0.0            
  723800301   33287    22.078160999999998   2.01582E42   0.28329387            33287          0.0         0.0            0.0            
  785101901   33512    24.320642000000003   9.38968E42   0.31039520000000004   33512          0.0         0.0            0.0            
  780451201   34223    23.985032999999998   4.84683E42   0.37925896            34223          0.0         0.0            0.0            
  693662501   34319    23.283304            4.16611E42   0.4843084             34319          0.0         0.0            0.0            
  560192001   34444    31.582009999999997   6.34663E42   0.44598693            34444          0.0         0.0            0.0            
  414980101   34608    29.12596             1.04682E43   0.47033128            34608          0.0         0.0            0.0            
  302820101   34839    57.073074            2.80582E43   0.5554576999999999    34839          0.0         0.0            0.0            
  503610101   35265    20.552664            7.18133E41   0.35341406            35265          0.0         0.0            0.0            
  403100101   35709    20.903528            2.01978E42   0.21282214            35709          0.0         0.0            0.0            
  44740201    36184    32.573586            1.46493E43   0.45537594            36184          0.0         0.0            0.0            
  670040101   36618    21.071333            4.36543E42   0.34257236            36618          0.0         0.0            0.0            
  553560801   36883    23.588404            4.68611E43   0.48138103            36883          0.0         0.0            0.0            
  20540401    37702    26.639398999999997   3.66041E41   0.43935844            37702          0.0         0.0            0.0            
  82990101    37714    20.659449            2.92221E42   0.37977055            37714          0.0         0.0            0.0            
  404450101   37729    22.8104              3.29391E42   0.34751457            37729          0.0         0.0            0.0
  673150201   38145    23.786718            6.28466E42   0.31296507            38145          0.0         0.0            0.0            
  650590401   38237    21.940866            5.38491E42   0.3086879             38237          0.0         0.0            0.0            
  742830148   38945    22.87142             7.13041E42   0.34265646            38945          0.0         0.0            0.0            
  109661001   39064    25.63257             6.07858E42   0.37719515            39064          0.0         0.0            0.0            
  301340501   39358    42.48932             1.27328E43   0.539579              39358          0.0         0.0            0.0            
  748190101   39572    28.225915999999998   5.39067E43   0.49930465            39572          0.0         0.0            0.0            
  762870601   40398    20.38486             2.22567E42   0.35644737            40398          0.0         0.0            0.0            
  790181901   40466    33.229546            3.44257E42   0.48308307            40466          0.0         0.0            0.0            
  553440601   40522    22.230711            8.87775E42   0.43685743            40522          0.0         0.0            0.0            
  693180901   41088    20.781488            1.09862E43   0.4883452999999999    41088          0.0         0.0            0.0            
  128531401   41150    35.243202000000004   1.31412E43   0.509359              41150          0.0         0.0            0.0            
  655380901   41882    50.147316            5.13382E42   0.53576005            41882          0.0         0.0            0.0            
  411980201   42018    40.979073            2.26293E43   0.5349001999999999    42018          0.0         0.0            0.0            
  700180201   42227    39.484085            1.84824E43   0.42324024            42227          0.0         0.0            0.0            
  200730301   43877    24.854567000000003   2.95807E43   0.33171597            43877          0.0         0.0            0.0            
  670300101   44007    45.586075            1.32678E43   0.5037318000000001    44007          0.0         0.0            0.0            
  203450101   45193    32.131187            2.33524E43   0.498795              45193          0.0         0.0            0.0            
  783880501   45665    32.497307            3.80167E42   0.4528745             45665          0.0         0.0            0.0            
  305751001   46673    22.520554999999998   2.62317E42   0.2943499             46673          0.0         0.0            0.0            
  693661101   46938    37.882317            2.25979E43   0.55173427            46938          0.0         0.0            0.0            
  56020701    46954    35.395752            4.64231E42   0.5134626             46954          0.0         0.0            0.0            
  674360101   47181    25.464766            1.53457E43   0.4040784             47181          0.0         0.0            0.0            
  674740101   48843    27.661482            3.06469E42   0.41564350000000005   48843          0.0         0.0            0.0            
  605000301   49303    50.330376            4.69011E42   0.5416328             49303          0.0         0.0            0.0            
  652810201   51338    22.032396            6.75172E42   0.43779743            51338          0.0         0.0            0.0            
  203361801   52747    28.973409999999998   1.98253E42   0.39524013            52747          0.0         0.0            0.0            
  747440150   53156    25.434256            1.20084E43   0.45773286            53156          0.0         0.0            0.0            
  762470101   53666    20.567919            8.63053E42   0.35432866            53666          0.0         0.0            0.0            
  763460201   53852    20.842508            6.03341E42   0.41693136            53852          0.0         0.0            0.0            
  200430501   54031    31.582009999999997   1.19372E43   0.49512708            54031          0.0         0.0            0.0            
  603500701   54257    23.23754             4.1225E42    0.35636222            54257          0.0         0.0            0.0            
  784521101   54445    20.07976             2.94693E41   0.37153244            54445          0.0         0.0            0.0            
  143150201   54899    25.220685999999997   7.02208E41   0.40905398            54899          0.0         0.0            0.0            
  110930401   55078    25.556295000000002   7.39249E42   0.38703525            55078          0.0         0.0            0.0            
  1930101     55188    36.250029999999995   1.42625E43   0.51367587            55188          0.0         0.0            0.0            
  147580301   55415    20.01874             4.32163E42   0.36438605            55415          0.0         0.0            0.0            
  601970101   57046    25.083391            9.58353E42   0.41912356            57046          0.0         0.0            0.0            
  723802101   58252    23.313814            2.99948E42   0.4326528             58252          0.0         0.0            0.0            
  502500101   58930    24.976606            5.34761E42   0.39166617            58930          0.0         0.0            0.0            
  56020701    59552    31.902365000000003   8.85213E42   0.47923762            59552          0.0         0.0            0.0            
  653450501   61878    27.997090999999998   1.55927E43   0.53549206            61878          0.0         0.0            0.0            
  203390801   63047    32.863426000000004   2.4139E43    0.47219083            63047          0.0         0.0            0.0            
  782330301   63240    24.213858            3.59192E42   0.40953429999999996   63240          0.0         0.0            0.0            
  694440501   63711    44.121596999999994   7.18382E42   0.503754              63711          0.0         0.0            0.0            
  693990201   64407    27.158068            2.77557E42   0.46429247            64407          0.0         0.0            0.0            
  502860101   64790    20.14078             5.38922E42   0.538851              64790          0.0         0.0            0.0            
  37982601    65029    35.029633000000004   2.31419E43   0.51365983            65029          0.0         0.0            0.0            
  404966301   65760    22.612085            5.92277E42   0.44735345            65760          0.0         0.0            0.0            
  37980701    66811    23.740953            8.17824E42   0.4364514             66811          0.0         0.0            0.0            
  149900301   67524    26.913988            6.72934E42   0.42347735            67524          0.0         0.0            0.0            
  44740201    68944    20.903528            1.32503E43   0.44239366            68944          0.0         0.0            0.0            
  762260101   69759    20.964548            5.77236E42   0.40664324            69759          0.0         0.0            0.0            
  651890301   69827    28.36321             3.57978E42   0.44531637            69827          0.0         0.0            0.0            
  604530101   70596    20.003485            6.69315E42   0.42922878            70596          0.0         0.0            0.0            
  723802201   70750    32.054916            1.45972E43   0.44558990000000004   70750          0.0         0.0            0.0            
  25541601    72505    20.659449            8.06097E43   0.3688178             72505          0.0         0.0            0.0            
  111282601   72610    23.756207999999997   1.91005E43   0.47410232            72610          0.0         0.0            0.0            
  763780701   73969    36.26529             5.48808E42   0.4945958             73969          0.0         0.0            0.0            
  5210101     77836    24.122328            8.99747E42   0.46153950000000005   77836          0.0         0.0            0.0            
  147630101   80606    26.21226             9.49673E42   0.51725745            80606          0.0         0.0            0.0            
  146990201   80720    23.756207999999997   3.70384E43   0.48701120000000003   80720          0.0         0.0            0.0            
  605000501   80950    22.99346             3.14553E43   0.48831220000000003   80950          0.0         0.0            0.0            
  765081001   83532    31.200636            1.12304E43   0.56165045            83532          0.0         0.0            0.0            
  651100301   85080    23.451109            3.57779E43   0.44698760000000004   85080          0.0         0.0            0.0            
  505400101   85532    27.676737            1.12689E43   0.47232103            85532          0.0         0.0            0.0            
  693010401   86675    20.125525            1.4701E43    0.57194453            86675          0.0         0.0            0.0            
  784521701   87721    26.349553999999998   2.43465E43   0.50897205            87721          0.0         0.0            0.0            
  653810501   88909    24.320642000000003   8.97149E42   0.45567214            88909          0.0         0.0            0.0            
  85640201    89929    22.093416            2.03831E42   0.38692218            89929          0.0         0.0            0.0            
  673110201   90788    24.976606            6.78332E42   0.4623488             90788          0.0         0.0            0.0            
  744930401   91019    28.180151000000002   9.96486E42   0.53103286            91019          0.0         0.0            0.0            
  693010601   93096    20.903528            7.21753E42   0.49576908            93096          0.0         0.0            0.0            
  504102001   94547    21.254393            9.65604E42   0.5155031             94547          0.0         0.0            0.0            
  694580101   95002    26.608889            6.8761E43    0.5043488             95002          0.0         0.0            0.0            
  677690133   96753    21.940866            1.94378E43   0.44490343            96753          0.0         0.0            0.0            
  106061101   100455   35.76187             9.31245E42   0.55925167            100455         0.0         0.0            0.0            
  783881201   102337   23.20703             1.22919E43   0.4748549             102337         0.0         0.0            0.0            
  111550401   102606   27.325871999999997   6.91992E42   0.46180370000000004   102606         0.0         0.0            0.0            
  60370901    103516   21.345922            6.94123E43   0.5256783             103516         0.0         0.0            0.0            
  152530101   106108   21.178117999999998   3.93671E42   0.3947593             106108         0.0         0.0            0.0            
  305920101   107804   21.467962            1.29697E43   0.51361537            107804         0.0         0.0            0.0            
  504102001   108125   22.84091             5.94127E42   0.5028439             108125         0.0         0.0            0.0            
  203361201   110316   21.422197            3.12101E42   0.48617920000000003   110316         0.0         0.0            0.0            
  551870301   110719   22.398516            6.09532E42   0.5265624             110719         0.0         0.0            0.0            
  300210701   111304   29.141214            3.18329E43   0.5386554             111304         0.0         0.0            0.0            
  17940101    113137   28.36321             1.06398E43   0.5579531             113137         0.0         0.0            0.0            
  99030101    115156   20.659449            3.17248E43   0.5594409             115156         0.0         0.0            0.0            
  553440601   115293   20.522154            6.53774E43   0.5385875             115293         0.0         0.0            0.0            
  723801201   116210   22.047651000000002   5.95842E42   0.51576024            116210         0.0         0.0            0.0            
  601780401   116258   20.125525            3.57725E43   0.49181703            116258         0.0         0.0            0.0            
  112552001   116467   21.605257            1.60791E45   0.46530694            116467         0.0         0.0            0.0            
  210280101   116924   31.82609             6.94543E42   0.57800746            116924         0.0         0.0            0.0            
  655380901   117257   23.939268            2.07412E43   0.44189880000000004   117257         0.0         0.0            0.0            
  502220301   117465   24.518957            6.90084E42   0.5630129             117465         0.0         0.0            0.0            
  503600201   117621   20.811998000000003   1.72212E43   0.55057573            117621         0.0         0.0            0.0            
  502120101   119561   29.354784000000002   3.94927E42   0.5145858             119561         0.0         0.0            0.0            
  300530501   120437   29.080194            6.7814E43    0.52861726            120437         0.0         0.0            0.0            
  401270301   120449   26.0292              3.09702E43   0.4952388             120449         0.0         0.0            0.0            
  65140201    124305   23.359579999999998   5.59286E42   0.44918776            124305         0.0         0.0            0.0            
  400830301   124465   21.193373            7.9744E42    0.52736306            124465         0.0         0.0            0.0            
  722140401   124569   23.023970000000002   1.10955E43   0.5349662             124569         0.0         0.0            0.0            
  112240301   124755   22.001886            9.59177E42   0.41946277            124755         0.0         0.0            0.0            
  556212101   124994   26.18175             3.61899E43   0.44381517            124994         0.0         0.0            0.0            
  503490201   126870   22.230711            2.23177E42   0.43235013            126870         0.0         0.0            0.0            
  555060501   126937   23.664679            3.24495E43   0.55453306            126937         0.0         0.0            0.0            
  503600201   127765   28.347956            1.14309E43   0.53018636            127765         0.0         0.0            0.0            
  103460801   128915   20.232310000000002   1.41666E44   0.43220612            128915         0.0         0.0            0.0            
  12440101    138488   24.137583            1.11113E43   0.47965053            138488         0.0         0.0            0.0            
  679181401   139356   21.559492000000002   2.45358E43   0.56501675            139356         0.0         0.0            0.0            
  783520501   139378   20.308584            8.01834E42   0.48045879999999996   139378         0.0         0.0            0.0            
  404968001   139578   20.491644            3.56218E43   0.51431584            139578         0.0         0.0            0.0            
  405200101   140524   24.168093            7.88769E42   0.55468535            140524         0.0         0.0            0.0            
  502690601   140713   24.351152            7.28679E42   0.48399177            140713         0.0         0.0            0.0            
  784521101   140841   20.888273            1.99448E43   0.49392763            140841         0.0         0.0            0.0            
  692330401   140919   28.408976000000003   1.00899E42   0.51502585            140919         0.0         0.0            0.0            
  551630301   144097   20.293329999999997   6.71136E43   0.5294418000000001    144097         0.0         0.0            0.0            
  152860101   144744   20.827253            5.62579E42   0.43021217            144744         0.0         0.0            0.0            
  306680201   145064   27.310616999999997   6.10381E42   0.5130008             145064         0.0         0.0            0.0            
  112520101   145586   22.99346             1.09054E43   0.5087878             145586         0.0         0.0            0.0            
  147110201   145638   25.022371            3.04181E43   0.50495344            145638         0.0         0.0            0.0            
  143650701   146297   20.644194            2.62438E43   0.5530793             146297         0.0         0.0            0.0            
  691010901   146632   25.861395            2.57152E43   0.5471050000000001    146632         0.0         0.0            0.0            
  304160301   147682   20.796743            1.51493E43   0.4500535             147682         0.0         0.0            0.0            
  744390301   148131   26.944498            1.76577E43   0.53901434            148131         0.0         0.0            0.0            
  551830201   152578   25.90716             2.62081E42   0.5188282             152578         0.0         0.0            0.0            
  723801501   152598   25.525785            1.62043E43   0.5226581             152598         0.0         0.0            0.0            
  300210701   156375   28.79035             1.12339E43   0.5293736             156375         0.0         0.0            0.0            
  653450501   162525   30.010748            1.12883E43   0.54861486            162525         0.0         0.0            0.0            
  61740101    166169   21.483217            3.61802E43   0.5220259             166169         0.0         0.0            0.0            
  720340301   166273   22.41377             8.37581E42   0.4904992             166273         0.0         0.0            0.0            
  205190201   167202   20.583174            1.0772E43    0.48231450000000003   167202         0.0         0.0            0.0            
  92850101    169307   22.642595            1.00963E43   0.5044138             169307         0.0         0.0            0.0            
  677182201   170937   31.139615999999997   8.70125E43   0.56704706            170937         0.0         0.0            0.0            
  37980701    171281   24.976606            8.13822E42   0.5511766             171281         0.0         0.0            0.0            
  551830201   173132   23.588404            2.64158E42   0.5543289             173132         0.0         0.0            0.0            
  743900401   173494   25.312216            8.77494E42   0.5565150999999999    173494         0.0         0.0            0.0            
  554540201   177642   22.886675            4.81404E42   0.5013645             177642         0.0         0.0            0.0            
  723800301   178234   20.796743            3.77849E42   0.47726992            178234         0.0         0.0            0.0            
  152860101   178445   20.38486             7.26686E42   0.4857518             178445         0.0         0.0            0.0            
  724791331   180326   21.879847            3.00567E43   0.50531507            180326         0.0         0.0            0.0            
  107860201   180906   21.727297            7.7261E42    0.5732403             180906         0.0         0.0            0.0            
  693661101   181766   22.291729999999998   1.12123E43   0.5151918             181766         0.0         0.0            0.0            
  85030101    184463   25.251196            6.54183E43   0.55543125            184463         0.0         0.0            0.0            
  210490101   184782   27.417402000000003   2.54887E42   0.5467273             184782         0.0         0.0            0.0            
  502430301   187983   25.434256            7.26245E42   0.51297903            187983         0.0         0.0            0.0            
  677681232   188200   20.537409            3.37853E44   0.5102749             188200         0.0         0.0            0.0            
  764100601   193170   24.168093            8.97174E42   0.5639576             193170         0.0         0.0            0.0            
  654440101   195443   21.071333            4.1672E42    0.47404589999999996   195443         0.0         0.0            0.0            
  740620301   196788   20.949293            5.42838E42   0.5512439             196788         0.0         0.0            0.0            
  404190101   201906   20.247564            8.23267E42   0.5305631             201906         0.0         0.0            0.0            
  201090401   203510   21.086588            1.65785E43   0.5312014             203510         0.0         0.0            0.0            
  112230201   208540   23.17652             7.47547E42   0.56433946            208540         0.0         0.0            0.0            
  600450301   209904   24.656252            1.32781E43   0.532633              209904         0.0         0.0            0.0            
  112370301   211209   21.147607999999998   3.902E42     0.5136367999999999    211209         0.0         0.0            0.0            
  148560501   217135   20.415369000000002   7.30259E42   0.5289908             217135         0.0         0.0            0.0            
  504480301   217660   24.900331            6.6098E42    0.53489125            217660         0.0         0.0            0.0            
  112830201   227176   21.925611            8.51185E42   0.5728554             227176         0.0         0.0            0.0            
  106460101   229566   27.798777            9.49211E42   0.54386073            229566         0.0         0.0            0.0            
  550960301   232796   20.796743            9.46807E42   0.49287748            232796         0.0         0.0            0.0            
  402750601   244828   21.651022            9.60475E42   0.46667936            244828         0.0         0.0            0.0            
  153030101   246814   28.759840000000004   6.09549E43   0.57335687            246814         0.0         0.0            0.0            
  745320101   248678   20.522154            1.09363E43   0.5269583999999999    248678         0.0         0.0            0.0            
  693430401   253257   20.064505            9.31096E42   0.5200904000000001    253257         0.0         0.0            0.0            
  201750201   264012   22.38326             5.14881E42   0.5509951999999999    264012         0.0         0.0            0.0            
  601780801   277190   20.827253            1.45872E43   0.5299058000000001    277190         0.0         0.0            0.0            
  723260201   282728   24.198603            9.45213E42   0.48848772            282728         0.0         0.0            0.0            
  402830101   289019   22.38326             5.69085E42   0.5695520000000001    289019         0.0         0.0            0.0            
  782500201   292793   20.781488            7.01654E42   0.5444184             292793         0.0         0.0            0.0            
  722660201   296582   20.400114000000002   7.5575E42    0.54194325            296582         0.0         0.0            0.0            
  403100101   297341   20.857763000000002   1.8025E42    0.5209590000000001    297341         0.0         0.0            0.0            
  553300401   313034   25.44951             2.59738E42   0.52923506            313034         0.0         0.0            0.0            
  651780401   318646   22.47479             2.58187E43   0.5125069             318646         0.0         0.0            0.0            
  790380901   326846   20.07976             7.2603E42    0.52233374            326846         0.0         0.0            0.0            
  762920201   333579   20.491644            1.24482E43   0.5592188             333579         0.0         0.0            0.0            
  112371001   341223   20.04925             6.4069E42    0.51927185            341223         0.0         0.0            0.0            
  724030101   347756   22.184946            8.16021E42   0.5621012             347756         0.0         0.0            0.0            
  693430401   359940   21.544237            6.92494E42   0.5518223000000001    359940         0.0         0.0            0.0            
  403100101   361705   25.617314999999998   2.89477E42   0.5380568             361705         0.0         0.0            0.0            
  202180201   398136   23.771463            2.11705E42   0.5164372             398136         0.0         0.0            0.0            
  693010801   471117   20.14078             9.18919E42   0.5599064             471117         0.0         0.0            0.0            
  553870101   493629   21.986631            2.14212E42   0.5469841             493629         0.0         0.0            0.0            
  501010101   1508     63.373375            3.16264E45   0.27234572            1508           ""          ""             ""             
  651790101   2190     86.22533             4.24081E43   0.3971565             2190           ""          ""             ""             
  747390143   4421     46.989532000000004   4.71775E42   0.26503098            4421           ""          ""             ""             
  404967001   5542     59.98676999999999    1.43041E43   0.43191797            5542           ""          ""             ""             
  111270101   5568     24.717272            4.10841E42   0.22767924            5568           ""          ""             ""             
  693010101   6047     30.529417            7.57276E42   0.35762793            6047           ""          ""             ""             
  742510701   6576     33.305824            1.14528E45   0.29901165            6576           ""          ""             ""             
  674660201   11885    75.08919499999999    1.32588E43   0.5275486             11885          ""          ""             ""             
  202770301   12376    41.650290000000005   3.08634E43   0.4020296             12376          ""          ""             ""             
  747390144   12831    29.400548999999998   8.50008E42   0.26245114            12831          ""          ""             ""             
  677630134   13616    28.48525             1.11619E43   0.30441907            13616          ""          ""             ""             
  673000132   13727    27.707247            2.08672E43   0.34893528            13727          ""          ""             ""             
  200650101   14435    39.545105            6.21585E42   0.37892947            14435          ""          ""             ""             
  110990201   14498    34.358414            1.08896E43   0.36674014            14498          ""          ""             ""             
  655800501   15045    49.201508000000004   3.10522E43   0.47012135            15045          ""          ""             ""             
  722530101   17350    25.63257             8.79428E42   0.30523765            17350          ""          ""             ""             
  83240201    17739    44.518227            3.0366E43    0.47838852            17739          ""          ""             ""             
  106061301   17843    53.884780000000006   2.65883E43   0.47705847            17843          ""          ""             ""             
  401270401   18443    22.62734             3.77053E42   0.26980698            18443          ""          ""             ""             
  655346842   18692    24.351152            1.35848E43   0.26586705            18692          ""          ""             ""             
  763300101   19217    35.42626             8.0246E42    0.40006440000000004   19217          ""          ""             ""             
  148742101   19770    27.630971999999996   2.51812E43   0.35518384            19770          ""          ""             ""             
  650380601   19981    35.45677             4.6341E42    0.38480294            19981          ""          ""             ""             
  551720101   20002    46.287804            1.28703E43   0.48881105            20002          ""          ""             ""             
  650382001   20039    24.396917000000002   7.92471E42   0.33512938            20039          ""          ""             ""             
  655380601   20669    34.114334            7.19041E43   0.393421              20669          ""          ""             ""             
  202870201   21754    25.7241              8.89306E42   0.37426534            21754          ""          ""             ""             
  83240201    22096    28.653055            2.86889E43   0.54656875            22096          ""          ""             ""             
  725290152   22131    35.82289             2.06835E43   0.49185616            22131          ""          ""             ""             
  201900101   22263    29.705647999999997   6.28689E42   0.3996159             22263          ""          ""             ""             
  693661701   22605    21.254393            6.28141E42   0.26516032            22605          ""          ""             ""             
  742830145   22650    30.468396999999996   2.64526E43   0.42741019999999996   22650          ""          ""             ""             
  551720101   22902    32.100677000000005   6.90427E42   0.3922084             22902          ""          ""             ""             
  720340301   22923    69.810974            2.01213E43   0.5549158000000001    22923          ""          ""             ""             
  37981201    23069    38.873886            2.82495E43   0.44435024            23069          ""          ""             ""             
  650382401   23314    31.61252             2.09926E43   0.5555185             23314          ""          ""             ""             
  401920101   23338    26.959753000000003   6.17649E42   0.31229115            23338          ""          ""             ""             
  306050701   24793    24.000288            1.30304E42   0.23442878            24793          ""          ""             ""             
  782420301   25911    20.583174            1.05214E43   0.34669083            25911          ""          ""             ""             
  81340801    26522    27.844541999999997   6.54675E42   0.38709992            26522          ""          ""             ""             
  655570701   28360    20.064505            8.68434E43   0.472954              28360          ""          ""             ""             
  673002331   28506    44.213127            4.18855E43   0.5045954             28506          ""          ""             ""             
  204630301   28979    29.400548999999998   9.91356E42   0.42075622            28979          ""          ""             ""             
  150620101   29138    23.649424            2.49441E42   0.31485227            29138          ""          ""             ""             
  112551101   29166    24.122328            1.30446E43   0.35233262            29166          ""          ""             ""             
  203170301   29221    28.805605            9.74377E42   0.39289227            29221          ""          ""             ""             
  741031301   29572    24.595232            1.45838E43   0.37652022            29572          ""          ""             ""             
  504101301   30194    36.189009999999996   9.24274E42   0.47752380000000005   30194          ""          ""             ""             
  303110101   31012    40.063774            2.18012E43   0.5161773000000001    31012          ""          ""             ""             
  112190401   31699    23.17652             7.19323E42   0.3402106             31699          ""          ""             ""             
  747440136   31972    25.083391            2.91408E43   0.39163858            31972          ""          ""             ""             
  91140401    32256    30.498907            3.40059E42   0.3711359             32256          ""          ""             ""             
  742830151   32602    20.705214            2.675E42     0.3957943             32602          ""          ""             ""             
  504101301   33243    29.522589            9.01953E42   0.50325453            33243          ""          ""             ""             
  305920401   33453    37.31788             4.7043E42    0.39974824            33453          ""          ""             ""             
  747190631   33833    27.890306            9.13713E42   0.40013704            33833          ""          ""             ""             
  556210401   33971    28.36321             1.55027E43   0.41643846            33971          ""          ""             ""             
  784060801   34453    22.917185            4.08362E42   0.31095698            34453          ""          ""             ""             
  653290201   35833    30.010748            5.74127E42   0.4369953             35833          ""          ""             ""             
  37980801    36202    44.655525            6.1538E43    0.5598605             36202          ""          ""             ""             
  747420137   36665    29.720903000000003   4.77985E43   0.42612538            36665          ""          ""             ""             
  303561101   37287    26.258024            5.56269E43   0.41357848            37287          ""          ""             ""             
  301900501   37597    30.865026            9.64955E42   0.40251678            37597          ""          ""             ""             
  150600101   38471    22.215456            1.46065E42   0.27032682            38471          ""          ""             ""             
  66950201    38542    56.584915            1.15822E44   0.582825              38542          ""          ""             ""             
  502480701   38798    33.290565            1.09539E43   0.44473615            38798          ""          ""             ""             
  653810501   38935    24.457937            7.11053E42   0.3653241             38935          ""          ""             ""             
  200430201   39204    33.900764            1.94929E43   0.48282263            39204          ""          ""             ""             
  140960101   39839    25.96818             1.84277E42   0.340258              39839          ""          ""             ""             
  693750401   40250    33.443115            5.84204E42   0.47110692            40250          ""          ""             ""             
  655343842   40293    31.30742             1.55734E43   0.5081242             40293          ""          ""             ""             
  112551401   40545    30.956556            3.63283E43   0.4018866             40545          ""          ""             ""             
  106460101   41005    29.568354            8.47879E42   0.3967668             41005          ""          ""             ""             
  673150201   41310    28.088621000000003   1.05922E43   0.40933225            41310          ""          ""             ""             
  747420144   41635    21.590002            1.28717E43   0.3857261             41635          ""          ""             ""             
  401040101   42518    54.159369999999996   8.77883E42   0.5582271             42518          ""          ""             ""             
  763911301   42728    41.284172            2.34437E43   0.50463784            42728          ""          ""             ""             
  147110101   43624    46.608162            3.29073E43   0.52516735            43624          ""          ""             ""             
  700180201   43704    21.315413            2.38535E43   0.43412176            43704          ""          ""             ""             
  305751001   43981    27.905561            4.20179E45   0.49278770000000005   43981          ""          ""             ""             
  673150101   44024    23.32907             3.219E42     0.3903969             44024          ""          ""             ""             
  693661101   44154    22.123926            5.10298E42   0.593801              44154          ""          ""             ""             
  501540201   44248    23.512129            1.82123E43   0.42625162            44248          ""          ""             ""             
  652401001   44423    29.263253999999996   8.51388E42   0.45562857            44423          ""          ""             ""             
  602200301   44486    23.832483            1.83989E43   0.40593728            44486          ""          ""             ""             
  677180101   44593    24.000288            6.40251E42   0.372448              44593          ""          ""             ""             
  151400201   44962    21.239138            8.10072E42   0.37884855            44962          ""          ""             ""             
  212480701   45423    38.797615            3.81992E42   0.46779186            45423          ""          ""             ""             
  677610137   45542    41.39096             6.79076E43   0.5755654             45542          ""          ""             ""             
  12440101    46077    26.883478000000004   7.87544E42   0.41358128            46077          ""          ""             ""             
  765001101   46088    29.202234000000004   7.84453E42   0.43651086            46088          ""          ""             ""             
  650384101   46730    52.420303000000004   6.34464E43   0.55717087            46730          ""          ""             ""             
  502500101   47108    45.891174            6.45664E42   0.44356564            47108          ""          ""             ""             
  112551401   47416    22.154435999999997   2.69946E43   0.36740762            47416          ""          ""             ""             
  35940201    47940    23.390089            2.07712E43   0.53098315            47940          ""          ""             ""             
  502780601   48035    42.291000000000004   1.24548E43   0.55791485            48035          ""          ""             ""             
  742830151   48063    22.38326             5.3364E42    0.39996937            48063          ""          ""             ""             
  747400139   48148    26.486849            4.80004E43   0.43445835            48148          ""          ""             ""             
  780790301   49334    21.040823            1.52777E43   0.38799140000000004   49334          ""          ""             ""             
  784450501   49356    35.65509             1.68731E43   0.5163622999999999    49356          ""          ""             ""             
  205390301   49459    22.825654999999998   5.89806E42   0.5093521             49459          ""          ""             ""             
  504100601   49920    28.210659999999997   4.61386E42   0.42816877            49920          ""          ""             ""             
  603500701   50614    35.304221999999996   1.12874E43   0.53763974            50614          ""          ""             ""             
  151270201   51293    23.222284            1.95513E43   0.4152774             51293          ""          ""             ""             
  301651701   51643    47.00479             5.04167E43   0.54378635            51643          ""          ""             ""             
  304071801   51817    25.32747             2.40518E43   0.54722446            51817          ""          ""             ""             
  304071301   52064    43.08426             6.7638E43    0.5097951000000001    52064          ""          ""             ""             
  652010401   52092    27.844541999999997   1.19677E43   0.5139429             52092          ""          ""             ""             
  501540201   53597    21.559492000000002   1.17385E43   0.3873446             53597          ""          ""             ""             
  504101501   53832    37.897568            4.92268E43   0.54342586            53832          ""          ""             ""             
  303561601   54188    32.649857            2.11729E44   0.47543803            54188          ""          ""             ""             
  724790933   55137    39.590874            7.5327E42    0.52260995            55137          ""          ""             ""             
  200430201   55271    29.415803999999998   3.23348E43   0.44944936            55271          ""          ""             ""             
  403190901   55412    38.873886            1.73717E43   0.5038495             55412          ""          ""             ""             
  201010101   56766    29.934472999999997   1.48755E43   0.47644576            56766          ""          ""             ""             
  149880101   56897    20.934038            3.6153E42    0.5209782000000001    56897          ""          ""             ""             
  720252401   56924    22.734125            2.75865E43   0.39181513            56924          ""          ""             ""             
  205390301   56937    36.509370000000004   7.13809E42   0.5454821999999999    56937          ""          ""             ""             
  742830142   57542    26.441084000000004   2.85783E42   0.50144017            57542          ""          ""             ""             
  150620101   57880    50.360886            1.60382E43   0.570409              57880          ""          ""             ""             
  650380401   60040    35.609320000000004   5.01923E43   0.427382              60040          ""          ""             ""             
  108670201   61693    31.841345            9.32504E42   0.48409456            61693          ""          ""             ""             
  747420138   61979    20.339094            3.04105E42   0.38587615            61979          ""          ""             ""             
  200430201   62406    23.390089            2.38339E43   0.44174474            62406          ""          ""             ""             
  304570101   63274    22.337495999999998   5.03393E43   0.4162804             63274          ""          ""             ""             
  677640137   63350    22.123926            1.21201E44   0.4124233             63350          ""          ""             ""             
  651280101   63550    21.925611            2.64428E42   0.305843              63550          ""          ""             ""             
  785102301   63919    30.041258000000003   3.97993E42   0.47354952            63919          ""          ""             ""             
  721740101   64014    29.629374            1.54696E43   0.5178654             64014          ""          ""             ""             
  411980501   64468    23.420599            3.58278E43   0.39410385            64468          ""          ""             ""             
  152530101   65109    25.556295000000002   6.03342E42   0.4220710999999999    65109          ""          ""             ""             
  693661301   65536    47.233612            5.0549E42    0.59091836            65536          ""          ""             ""             
  148740101   66219    26.21226             1.00278E44   0.53943545            66219          ""          ""             ""             
  112850101   67029    29.629374            6.11596E42   0.46955246            67029          ""          ""             ""             
  677600136   67245    22.53581             2.51295E42   0.37685215            67245          ""          ""             ""             
  741031501   68212    21.361176999999998   6.73536E43   0.47788805            68212          ""          ""             ""             
  556210201   68328    29.797178000000002   3.90636E43   0.43395713            68328          ""          ""             ""             
  795711401   68332    21.605257            9.4385E42    0.43804434            68332          ""          ""             ""             
  674360101   68535    20.918782999999998   3.31937E42   0.37901893            68535          ""          ""             ""             
  671640801   70051    25.48002             4.5208E42    0.45767984            70051          ""          ""             ""             
  693010301   70740    28.866625            1.05177E43   0.4966075             70740          ""          ""             ""             
  744411801   70868    34.724533            2.73092E42   0.43757787            70868          ""          ""             ""             
  724441001   71133    27.890306            2.26084E43   0.47247443            71133          ""          ""             ""             
  690470201   71645    32.588837            2.15877E43   0.5795616             71645          ""          ""             ""             
  201470101   71747    27.097047999999997   1.9455E43    0.50346273            71747          ""          ""             ""             
  405860101   72414    27.356382            3.02688E43   0.44331825            72414          ""          ""             ""             
  67340601    73445    32.329506            8.87398E42   0.45333025            73445          ""          ""             ""             
  673180201   73626    40.002753999999996   1.23887E43   0.5319218000000001    73626          ""          ""             ""             
  504101501   73801    25.464766            1.2894E43    0.5116890000000001    73801          ""          ""             ""             
  677681232   73958    29.766668            1.45534E43   0.41164818            73958          ""          ""             ""             
  677610132   74170    31.963385            2.0968E43    0.48423448            74170          ""          ""             ""             
  60370901    74803    32.024406            2.13008E43   0.45767194            74803          ""          ""             ""             
  783670101   75040    35.334732            6.44523E42   0.5055784999999999    75040          ""          ""             ""             
  765081001   75920    24.015543            9.73822E42   0.42834958            75920          ""          ""             ""             
  85030101    75977    25.87665             6.30062E43   0.43855006            75977          ""          ""             ""             
  763910501   76028    31.627775            7.86397E43   0.5013889             76028          ""          ""             ""             
  106060501   76763    36.66192             9.45724E42   0.4920071             76763          ""          ""             ""             
  693661401   76915    24.885077            8.22378E42   0.48661962            76915          ""          ""             ""             
  655340138   77738    31.444715000000002   9.67324E43   0.49133858            77738          ""          ""             ""             
  48740101    78719    26.639398999999997   6.66049E42   0.44364032            78719          ""          ""             ""             
  300890101   78860    39.331534999999995   4.68357E42   0.56173766            78860          ""          ""             ""             
  677640136   80098    29.019175            2.94823E43   0.51032484            80098          ""          ""             ""             
  601780801   80416    21.818827            5.09481E42   0.50194144            80416          ""          ""             ""             
  504101401   80800    23.801973            9.45209E42   0.44675645            80800          ""          ""             ""             
  200020101   80855    30.575182            3.31015E43   0.51485795            80855          ""          ""             ""             
  203390801   81370    34.480453000000004   2.08659E43   0.48395273            81370          ""          ""             ""             
  111282601   81379    24.152838            1.26317E43   0.45223767            81379          ""          ""             ""             
  404240101   81971    31.932875            2.95381E43   0.52314794            81971          ""          ""             ""             
  677610132   82317    24.595232            2.59911E43   0.44510242            82317          ""          ""             ""             
  502790201   82455    21.757807            2.4697E43    0.4098826             82455          ""          ""             ""             
  602200201   82838    22.734125            7.4548E42    0.47584390000000004   82838          ""          ""             ""             
  655571401   83206    31.64303             1.95398E43   0.46237513            83206          ""          ""             ""             
  411980401   83488    24.488447            2.54897E43   0.48107344            83488          ""          ""             ""             
  652010401   85839    23.161264000000003   5.37541E42   0.44601709999999994   85839          ""          ""             ""             
  85030101    87471    20.293329999999997   6.05533E43   0.45156130000000005   87471          ""          ""             ""             
  677690139   88195    30.529417            4.21675E47   0.44629106            88195          ""          ""             ""             
  402250201   88321    21.010313            4.09999E42   0.43303886            88321          ""          ""             ""             
  677610133   88478    23.634169            1.33999E46   0.42986897            88478          ""          ""             ""             
  205090101   88579    20.995058            1.14808E43   0.44220665            88579          ""          ""             ""             
  606431201   89162    28.988665            1.8923E43    0.4766794             89162          ""          ""             ""             
  83000101    89715    20.567919            1.13293E43   0.39296696            89715          ""          ""             ""             
  747440139   90384    28.088621000000003   1.40629E43   0.47910723            90384          ""          ""             ""             
  677650139   91018    21.986631            2.65954E43   0.47177708            91018          ""          ""             ""             
  760230301   91055    28.134386            1.20036E43   0.50284755            91055          ""          ""             ""             
  782530201   91141    22.53581             7.91287E43   0.5309446             91141          ""          ""             ""             
  25740201    91185    27.798777            1.02552E43   0.47471526            91185          ""          ""             ""             
  554500401   91385    25.96818             6.32774E43   0.5600779             91385          ""          ""             ""             
  301900401   92055    20.04925             5.61565E42   0.52999127            92055          ""          ""             ""             
  110940101   94524    22.123926            1.93844E43   0.48428026            94524          ""          ""             ""             
  673002332   94774    21.590002            1.06627E43   0.46827236            94774          ""          ""             ""             
  677681231   94939    23.069735            1.06845E44   0.49463904            94939          ""          ""             ""             
  743900401   95743    33.473625            9.18131E42   0.5315159             95743          ""          ""             ""             
  106060301   96269    25.769865            6.15915E43   0.47833842            96269          ""          ""             ""             
  404968601   97850    26.563124            3.14295E43   0.53163147            97850          ""          ""             ""             
  747390147   101645   24.137583            9.68952E42   0.48433727            101645         ""          ""             ""             
  505880201   102499   24.702017            1.46169E43   0.46484079999999994   102499         ""          ""             ""             
  67540201    102952   27.432657            1.27174E43   0.4440281             102952         ""          ""             ""             
  765090801   104787   20.705214            2.09013E43   0.55191755            104787         ""          ""             ""             
  152530101   104880   22.87142             7.08842E42   0.42956275            104880         ""          ""             ""             
  655380201   105472   25.525785            2.26421E43   0.49128804            105472         ""          ""             ""             
  111160101   105993   22.47479             8.42238E42   0.47439572            105993         ""          ""             ""             
  725310138   106373   27.432657            4.03661E43   0.5206695             106373         ""          ""             ""             
  785102201   107693   24.595232            9.19172E42   0.5047372999999999    107693         ""          ""             ""             
  202870201   109788   30.529417            2.85544E42   0.53569263            109788         ""          ""             ""             
  602340401   112058   24.564722            3.23988E43   0.5032816             112058         ""          ""             ""             
  504480301   114804   22.32224             1.81568E42   0.46598190000000006   114804         ""          ""             ""             
  70340501    114809   30.285337            4.57322E44   0.5070408             114809         ""          ""             ""             
  677590140   115192   26.502104            3.29201E43   0.51026106            115192         ""          ""             ""             
  673000133   115286   20.415369000000002   6.05914E42   0.42149237            115286         ""          ""             ""             
  404967601   115944   22.62734             7.43218E42   0.44794798            115944         ""          ""             ""             
  763911301   117788   32.863426000000004   4.19718E43   0.52539307            117788         ""          ""             ""             
  211080701   118733   21.056078            9.28101E42   0.43799207            118733         ""          ""             ""             
  761590401   118932   20.613684            2.27839E43   0.50211763            118932         ""          ""             ""             
  677610134   119423   33.870255            2.72599E43   0.58809316            119423         ""          ""             ""             
  693460401   119521   27.036028            1.00865E43   0.49665794            119521         ""          ""             ""             
  406740101   119680   21.300158            3.5814E42    0.43548504            119680         ""          ""             ""             
  146990101   120559   24.930841            3.22013E43   0.50901556            120559         ""          ""             ""             
  201860101   121505   26.685163            8.01382E42   0.5334161000000001    121505         ""          ""             ""             
  304570101   121571   20.293329999999997   1.97794E43   0.54747206            121571         ""          ""             ""             
  200431101   121728   26.074965            4.27593E42   0.42604357            121728         ""          ""             ""             
  553911801   122894   25.083391            7.00254E43   0.53287923            122894         ""          ""             ""             
  111290201   123988   24.030798            9.44219E42   0.5862801999999999    123988         ""          ""             ""             
  81340801    126216   26.258024            1.44014E43   0.5150935000000001    126216         ""          ""             ""             
  148742401   128073   28.27168             8.67026E43   0.50920683            128073         ""          ""             ""             
  744220401   128484   25.84614             5.35491E42   0.5651118             128484         ""          ""             ""             
  747420137   128532   33.565155            6.50024E43   0.5613514000000001    128532         ""          ""             ""             
  728980201   129039   23.359579999999998   1.01301E43   0.48657694            129039         ""          ""             ""             
  784521101   129193   20.842508            7.37563E42   0.49814412            129193         ""          ""             ""             
  763050301   130513   32.634605            2.4147E43    0.5035488             130513         ""          ""             ""             
  41170201    131885   20.491644            5.11548E42   0.47592959999999995   131885         ""          ""             ""             
  742740401   132100   28.820859999999996   6.62815E42   0.5109902             132100         ""          ""             ""             
  302580701   132259   23.100245            1.02845E43   0.46702242            132259         ""          ""             ""             
  693662501   133927   25.357979999999998   4.34538E42   0.48343262            133927         ""          ""             ""             
  67540201    136045   22.551064999999998   1.07724E43   0.47723266            136045         ""          ""             ""             
  762920201   136049   20.842508            1.49288E43   0.47303483            136049         ""          ""             ""             
  602200201   136200   28.3327              2.37353E43   0.55691916            136200         ""          ""             ""             
  504100601   136739   21.208628            7.97915E42   0.5072992000000001    136739         ""          ""             ""             
  744411901   137123   22.825654999999998   6.45838E42   0.4248241             137123         ""          ""             ""             
  21740201    137814   21.971376            8.70497E42   0.5531783             137814         ""          ""             ""             
  652810201   137826   26.303790000000003   7.25564E42   0.5778477             137826         ""          ""             ""             
  403190901   138312   26.608889            2.66973E43   0.5639496999999999    138312         ""          ""             ""             
  404968601   138781   24.457937            9.62677E42   0.50366247            138781         ""          ""             ""             
  793183601   139551   35.79238             1.16574E43   0.5724281999999999    139551         ""          ""             ""             
  655346835   140416   27.661482            1.30328E43   0.5026661             140416         ""          ""             ""             
  744413301   140647   22.886675            9.09058E42   0.47931623            140647         ""          ""             ""             
  407030101   141041   22.398516            5.94934E42   0.5468363             141041         ""          ""             ""             
  747440136   141642   24.152838            4.9802E43    0.5660696             141642         ""          ""             ""             
  560192001   145759   22.26122             1.26512E43   0.5486888000000001    145759         ""          ""             ""             
  200431101   147083   31.261656            7.14302E42   0.54141736            147083         ""          ""             ""             
  406541301   149511   21.544237            7.76445E42   0.511709              149511         ""          ""             ""             
  94530401    150064   35.83815             2.18283E43   0.52277124            150064         ""          ""             ""             
  763460201   152149   20.217054            1.12972E43   0.44071826            152149         ""          ""             ""             
  553560801   153433   23.832483            6.73236E43   0.49754372            153433         ""          ""             ""             
  147670301   154837   23.985032999999998   1.92392E43   0.52954775            154837         ""          ""             ""             
  304070201   155247   21.315413            1.56325E43   0.5154742             155247         ""          ""             ""             
  747190833   155379   22.337495999999998   3.534E43     0.5360129             155379         ""          ""             ""             
  109080301   155519   24.168093            8.44504E42   0.4996224             155519         ""          ""             ""             
  556210201   155548   26.654653999999997   4.77606E43   0.54117167            155548         ""          ""             ""             
  124712401   157941   22.398516            9.63305E42   0.5174031             157941         ""          ""             ""             
  302580701   159883   27.417402000000003   1.88703E43   0.5445770000000001    159883         ""          ""             ""             
  141570101   161400   22.764635000000002   6.47048E42   0.48296094            161400         ""          ""             ""             
  112850101   161558   20.339094            1.27495E43   0.48808354            161558         ""          ""             ""             
  67340601    161988   24.564722            1.52752E43   0.5497333000000001    161988         ""          ""             ""             
  106060301   162392   22.56632             5.51595E43   0.50105286            162392         ""          ""             ""             
  42341301    163757   30.941301            5.37441E43   0.5225012             163757         ""          ""             ""             
  601780401   163978   28.988665            2.26842E43   0.53598994            163978         ""          ""             ""             
  106060901   164630   32.131187            1.03609E43   0.56751984            164630         ""          ""             ""             
  103660101   164812   20.644194            4.46413E42   0.43986446            164812         ""          ""             ""             
  694580101   165721   21.040823            1.41775E43   0.5472387             165721         ""          ""             ""             
  747190631   166433   22.62734             4.97774E42   0.5223454000000001    166433         ""          ""             ""             
  108860101   168699   25.922415            1.10915E43   0.56750935            168699         ""          ""             ""             
  112370601   175473   20.308584            6.13121E41   0.49661416            175473         ""          ""             ""             
  761950201   175883   22.5053              1.25183E43   0.5198795999999999    175883         ""          ""             ""             
  655800501   176017   22.368006            2.60067E43   0.54086584            176017         ""          ""             ""             
  653680601   176968   27.020773            9.13437E43   0.56981707            176968         ""          ""             ""             
  143150601   178772   24.396917000000002   2.68435E43   0.52217615            178772         ""          ""             ""             
  404968501   179885   22.26122             6.1672E42    0.52988225            179885         ""          ""             ""             
  414980101   181973   21.681532            1.33845E43   0.4978059             181973         ""          ""             ""             
  80540101    183623   24.763037            3.62951E42   0.52760917            183623         ""          ""             ""             
  556212901   184182   21.971376            6.39762E42   0.54324794            184182         ""          ""             ""             
  502690601   185130   20.827253            4.28022E42   0.4833522             185130         ""          ""             ""             
  204791101   186319   22.612085            2.41298E43   0.50313425            186319         ""          ""             ""             
  504620301   187858   23.359579999999998   6.17881E43   0.5395329000000001    187858         ""          ""             ""             
  763460301   188206   27.173323            2.06316E43   0.50129384            188206         ""          ""             ""             
  47540601    189362   23.420599            2.51076E43   0.53472614            189362         ""          ""             ""             
  502060201   196885   22.596829999999997   2.01255E43   0.52765334            196885         ""          ""             ""             
  674810101   198295   26.27328             3.85092E43   0.5368104             198295         ""          ""             ""             
  306370601   199198   23.969778            2.16639E43   0.5362511             199198         ""          ""             ""             
  503350201   199385   25.281706            1.34498E46   0.56210524            199385         ""          ""             ""             
  673002331   199413   20.674704000000002   5.76194E42   0.476463              199413         ""          ""             ""             
  655343853   199426   29.919218            1.5705E43    0.5429604             199426         ""          ""             ""             
  124712101   201864   21.895101999999998   9.54825E42   0.55103844            201864         ""          ""             ""             
  153030101   202389   26.288534000000002   3.77732E43   0.5107429             202389         ""          ""             ""             
  693010601   202473   20.888273            7.24116E42   0.43300492            202473         ""          ""             ""             
  302160401   203563   22.26122             1.89288E43   0.48551872            203563         ""          ""             ""             
  111281701   205743   26.288534000000002   2.34936E43   0.5633889             205743         ""          ""             ""             
  403160301   210426   22.215456            1.09378E43   0.47460636            210426         ""          ""             ""             
  560192001   216567   22.078160999999998   9.7712E42    0.5257757             216567         ""          ""             ""             
  556211401   217745   21.025568            5.32985E43   0.5849958000000001    217745         ""          ""             ""             
  724441001   218370   25.083391            4.88937E43   0.5362665             218370         ""          ""             ""             
  500760101   219855   24.991861            6.25419E42   0.5573861             219855         ""          ""             ""             
  744100601   220360   24.915585999999998   6.94679E43   0.527965              220360         ""          ""             ""             
  553911401   223108   20.689958999999998   1.23377E43   0.512314              223108         ""          ""             ""             
  143650101   223724   24.854567000000003   1.38081E44   0.5810665             223724         ""          ""             ""             
  673850601   225279   24.198603            2.62116E43   0.5270691             225279         ""          ""             ""             
  402830101   226275   23.710442999999998   6.8901E42    0.5211799             226275         ""          ""             ""             
  677610134   226841   27.753012            1.92602E43   0.5610944999999999    226841         ""          ""             ""             
  304160201   229235   22.062905999999998   1.42405E43   0.515994              229235         ""          ""             ""             
  148560501   230655   22.215456            8.80153E40   0.5172838             230655         ""          ""             ""             
  106060301   234036   20.476389            2.50921E45   0.5553405             234036         ""          ""             ""             
  94800201    234489   23.527384            1.84932E43   0.50035506            234489         ""          ""             ""             
  402750601   236227   26.547869            6.42057E42   0.58029276            236227         ""          ""             ""             
  673002333   236392   20.125525            4.55581E43   0.46881855            236392         ""          ""             ""             
  112552001   238424   21.879847            1.02238E43   0.5198214             238424         ""          ""             ""             
  655381501   239482   24.000288            4.90951E43   0.5437164000000001    239482         ""          ""             ""             
  301651001   246489   24.946096            2.26239E44   0.56657004            246489         ""          ""             ""             
  302581801   247486   20.125525            6.82157E42   0.53581786            247486         ""          ""             ""             
  745320101   247563   21.162863            7.96134E43   0.5565948000000001    247563         ""          ""             ""             
  302581801   254110   21.879847            8.40847E42   0.56371087            254110         ""          ""             ""             
  747430146   257835   22.703615            1.45168E43   0.5500067             257835         ""          ""             ""             
  677690138   270095   21.544237            2.41451E43   0.52694255            270095         ""          ""             ""             
  763910301   278206   20.857763000000002   1.1179E43    0.5334228             278206         ""          ""             ""             
  741032901   282331   22.230711            1.64885E43   0.5524965000000001    282331         ""          ""             ""             
  650381701   289164   21.345922            4.99049E43   0.53545403            289164         ""          ""             ""             
  700180201   290689   21.284903            3.74802E43   0.52003044            290689         ""          ""             ""             
  693662501   295787   20.07976             3.48536E42   0.5231983             295787         ""          ""             ""             
  550540101   300113   20.01874             4.41359E42   0.5110166             300113         ""          ""             ""             
  106060901   302269   20.217054            8.29909E42   0.5400749             302269         ""          ""             ""             
  312191101   315601   20.873018            2.0197E49    0.56738895            315601         ""          ""             ""             
  762870501   334452   22.38326             3.08838E43   0.5758444             334452         ""          ""             ""             
  742500101   377658   20.979803            1.19893E43   0.5440216             377658         ""          ""             ""             
  762500901   398752   25.739355            1.12082E43   0.55606985            398752         ""          ""             ""             
  693661001   429203   21.910357            2.56053E45   0.57945496            429203         ""          ""             ""             
  670900501   452876   23.557894            1.30963E43   0.4928795999999999    452876         ""          ""             ""             
